p,trajx_0,predx_0,trajx_1,predx_1,trajx_2,predx_2,trajx_3,predx_3,trajx_4,predx_4,trajx_5,predx_5,trajx_6,predx_6,trajx_7,predx_7,trajx_8,predx_8,trajx_9,predx_9,trajx_10,predx_10
0.3013013013013013,5.3601710098347715,6.513355932871401,-20.23018204366349,-21.407314246918688,30.449567706265924,30.76605931952972,-26.457513672804993,-27.851095619457446,5.282073213359386,5.850158108093948,-19.929938424871427,-19.85029926360006,30.116032325673935,28.41826372732849,30.570281505350085,31.815027533966177,-32.51349156965191,-32.092452538235435,36.78597557738387,35.82076074002281,-38.59820240689757,-36.98289195083198
0.3023023023023023,5.3572025177384095,6.524877797990274,-20.22556941516482,-21.39006814971347,30.448340154670426,30.788173067434798,-26.452839158999858,-27.831146742247576,5.280841717076615,5.860918328670555,-19.930452690821102,-19.83782991091182,30.121056879576606,28.44190066747434,30.5659113119442,31.828010729466882,-32.51354168105502,-32.07929019418251,36.78588617298028,35.82717759023657,-38.602062587967154,-36.968128636799975
0.3033033033033033,5.354286772878685,6.5365383656568135,-20.221015113291433,-21.37297004258442,30.4471331507685,30.810261557766665,-26.44824184281716,-27.81138750426531,5.279630108067701,5.871707888248411,-19.930958226647373,-19.825254883381792,30.125998639621734,28.46523111678064,30.56160714802341,31.84128595944251,-32.513583723528086,-32.066146892013,36.78577067154571,35.83360997059344,-38.6058543646431,-36.953001596218265
0.3043043043043043,5.351423229480071,6.548345870563097,-20.216518903560747,-21.356021704118508,30.44594651299431,30.832321878052376,-26.443720990973507,-27.791823764867548,5.27843817660525,5.882533734431151,-19.931455032642436,-19.812568027408275,30.130858391383256,28.488246256427637,30.55736863694852,31.854864784305384,-32.513617963444766,-32.05301802754339,36.785629684691216,35.840062993436675,-38.60957852150258,-36.937497319625116
0.3053053053053053,5.34861133321721,6.560308731412466,-20.21208053389119,-21.33922462562184,30.44478005509794,30.85435171032982,-26.4392758548579,-27.77246071996897,5.2772657110616255,5.893403124728872,-19.931943113250966,-19.79976267442365,30.13563693432715,28.51093823648491,30.553195382635373,31.868758957605834,-32.513644663038555,-32.039898488093286,36.78546381891715,35.84654194798736,-38.61323585023925,-36.92160228716483
0.3063063063063063,5.345850521874595,6.572435533523904,-20.207699735302636,-21.32257999766667,30.44363358644967,30.876349307223148,-26.4349056716767,-27.75330287101131,5.2761124981069765,5.904323621285103,-19.93242247695052,-19.786831638335105,30.140335080732303,28.533300182768727,30.549086970438378,31.88298040698739,-32.513664080323714,-32.02678266257047,36.785273675437566,35.853052311692394,-38.616827148807324,-36.90530301631243
0.3073073073073073,5.343140225988853,6.584735010533495,-20.203376222608345,-21.306088696876223,30.442506912336103,30.898313463266355,-26.430609665564997,-27.734353996703977,5.274978322901143,5.915303085046784,-19.932893136132513,-19.773767215121815,30.144953654645235,28.555326199064606,30.545042968020407,31.89754121288877,-32.51367646902457,-32.013664453138716,36.78505985001479,35.85959976230628,-38.620353220597515,-36.888586113231206
0.3083083083083083,5.340479869473501,6.597216025230773,-20.199109695097636,-21.289751272952465,30.44139983424801,30.920243481868233,-26.42638704866431,-27.71561712754098,5.273862969279435,5.9263496693682685,-19.933355106983846,-19.76056118469096,30.149493490868593,28.577011365078718,30.541062926208177,31.912453584846258,-32.513682078512815,-32.00053728832836,36.78482293280404,35.866190190691,-38.623814873644555,-36.87143832792548
0.3093093093093093,5.337868870226068,6.60988754956805,-20.194899837208748,-21.273567935941742,30.44031215015992,30.942139138335566,-26.422237022166467,-27.69709452306595,5.272766219932295,5.937471813032259,-19.93380840936933,-19.747204815108205,30.15395543398325,28.59835173050593,30.537146379832446,31.927729835248833,-32.513681153752636,-31.987394137458708,36.7845635082077,35.87282971431081,-38.6272129198659,-36.85384661333835
0.3103103103103103,5.335306640717556,6.622758643882696,-20.190746319191195,-21.257538543723697,30.439243654801416,30.964000639389017,-26.41815877732372,-27.678787651828273,5.271687856578895,5.9486782326616225,-19.93425306671501,-19.733688869333765,30.15834033740373,28.619344305616973,30.5332928485524,31.943382350399595,-32.51367393525326,-31.97422752625418,36.78428215473892,35.879524691391005,-38.63054817433114,-36.83579818852319
0.3113113113113113,5.332792588564223,6.635838435376206,-20.186648797757165,-21.241662589699768,30.43819413992015,30.985828579618563,-26.41415149642516,-27.66069717394996,5.270627660134673,5.959977914486521,-19.9346891058925,-19.72000361461275,30.16264906246674,28.639987048772866,30.52950183766364,31.959423558741097,-32.51366065902868,-31.96102955355123,36.7839794448944,35.88628173570133,-38.63382145456173,-36.81728060598805
0.3123123123123123,5.3303261170817375,6.649136095900075,-20.18260691672144,-21.225939190649626,30.437163394536583,31.00762389533365,-26.410214353739647,-27.642822926205007,5.269585410872897,5.971380105421273,-19.935116557104433,-19.706138834687412,30.166882477552328,28.660278851271716,30.52577283888934,31.97586589610961,-32.513641556564274,-31.94779190901081,36.783655945035854,35.893107731915926,-38.63703357986035,-36.79828182327145
0.3133133133133133,5.327906625821749,6.662660819107319,-20.17862030762945,-21.210367074717,30.436151205190527,31.02938781626892,-26.40634651642544,-27.62516390950103,5.268560888580286,5.982894303395239,-19.935535453771113,-19.69208384501847,30.17104145723733,28.680219519922677,30.522105331154087,31.992721767894786,-32.513616854789966,-31.934505891770176,36.78331221528004,35.9000098514925,-38.64018537066946,-36.778790278756716
0.3143143143143143,5.325533511090991,6.676421797040203,-20.174688590373076,-21.19494456948081,30.435157356179516,31.051121815610063,-26.40254714540688,-27.607718278646825,5.267553872706778,5.9945302468718715,-19.93594583241844,-19.677827511222468,30.175126881480608,28.699809757724534,30.518498781340178,32.01000350799702,-32.51358677605971,-31.921162429988396,36.782948809397006,35.906995569003946,-38.64327764795838,-36.75879497166757
0.3153153153153153,5.323206166453046,6.690428196239429,-20.17081137379386,-21.179669590063494,30.43418162978911,31.07282755880778,-26.39881539621845,-27.590483334289335,5.2665641425095115,6.00629790348039,-19.936347732567206,-19.663358270950667,30.179139634839615,28.71905114300354,30.514952645025904,32.027723334495604,-32.51355153813697,-31.90775210126049,36.78256627471622,35.91407267884591,-38.646311232638325,-36.7382855461102
0.3163163163163163,5.320923983212916,6.7046891334777925,-20.1669882562734,-21.16453962722594,30.43322380651518,31.094506851651225,-26.39515041981669,-27.573455516908705,5.2655914771911,6.018207457675388,-19.9367411966238,-19.648664159451755,30.183080605717645,28.737946107337418,30.51146636720582,32.04589330196671,-32.513511354185944,-31.894265153896097,36.782165152040406,35.92124931223422,-38.64928694500465,-36.71725237893557
0.3173173173173173,5.3186863508845965,6.719213651242048,-20.16321882631064,-21.149551735397793,30.432283665278316,31.116161588077084,-26.391551363360342,-27.556630402770647,5.264635656032308,6.030269297331663,-19.937126269772417,-19.633732839074355,30.1869506856413,28.756497912561315,30.508039382992596,32.06452525042205,-32.51346643276818,-31.880691529078568,36.78174597556678,35.92853395439655,-38.65220560420572,-36.695686671090115
0.3183183183183183,5.316492657641836,6.734010693110123,-20.1595026630859,-21.134702520592842,30.431360983630427,31.13779369819669,-26.388017370959332,-27.540002701750364,5.263696458519209,6.042493999174837,-19.937502999868812,-19.618551632974626,30.190750768567515,28.774710627117713,30.504671118300504,32.08363075087643,-32.51341697784448,-31.867020883939354,36.78130927281536,35.93593546185373,-38.65506802773773,-36.67358054200307
0.3193193193193193,5.314342290752327,6.7490890791965565,-20.155839337011475,-21.119988128162017,30.430455537953673,31.159405097031684,-26.384547584393015,-27.52356625696135,5.26277366446493,6.054892312943352,-19.93787143733563,-19.603107563298092,30.194481750219506,28.79258910197712,30.50136099051036,32.103221047595554,-32.51336318878159,-31.853242615599704,36.78085556456418,35.943463079677656,-38.65787503096466,-36.650927126425486
0.3203203203203203,5.312234636995547,6.764457481866438,-20.152228410268705,-21.105404230341094,30.429567103651863,31.18099763445899,-26.3811411437984,-27.50731404614462,5.261867054126094,6.06747514417466,-19.9382316350594,-19.587387394101704,30.19814452745102,28.810138946320855,30.49810840911595,32.12330699712448,-32.51330526036369,-31.839345886246583,36.78038536479114,35.9511264586056,-38.66062742666281,-36.62772067299042
0.3213213213213213,5.310169083064525,6.7801244019464315,-20.14866943733141,-21.09094601355645,30.428695455334427,31.202573046877344,-26.37779718832884,-27.491238184798487,5.260976408314066,6.080253535508169,-19.938583648289185,-19.571377679270594,30.2017399976382,28.82736650314235,30.494912776351896,32.143899004251104,-32.513243382808156,-31.825319649321727,36.779899180622174,35.95893567188478,-38.6633260245891,-36.603956643608036
0.3223223223223223,5.308145015951795,6.796098145689676,-20.14516196547567,-21.076608165460115,30.42784036699313,31.2241329111204,-26.37451485678385,-27.47532993105489,5.260101508501115,6.093238646400273,-19.938927534536933,-19.555064815662853,30.205269058098395,28.844278824890313,30.49177348780306,32.16500695511776,-32.51317774178563,-31.81115267691155,36.7793975122856,35.96690123171686,-38.66597163107241,-36.57963181264582
0.3233233233233233,5.306161823319816,6.812386802778169,-20.1417055352759,-21.06238486167485,30.42700161217165,31.24567860115388,-26.37129328821075,-27.459579692334756,5.25924213692161,6.106441731152971,-19.939263353479618,-19.538435101683326,30.20873260553523,28.860883649246475,30.488689932995527,32.18664014775655,-32.513108518443886,-31.79683358843058,36.77888085307231,35.97503410517007,-38.66856504862739,-36.554744364676985
0.3243243243243243,5.3042188938561665,6.828998225670381,-20.138299681087258,-21.048269752240852,30.42617896412819,31.26721124810553,-26.368131622478728,-27.443977033840326,5.258398076668373,6.119874115167647,-19.93959116686307,-19.521474801442874,30.212131535509226,28.877189375103796,30.48566149596932,32.20880722038904,-32.51303588943547,-31.782350880691695,36.77834968930168,35.983345729427164,-38.67110707558983,-36.52929398941311
0.3253253253253253,5.3023156176138,6.845940010621553,-20.134943931514396,-21.03425594776794,30.42537219599128,31.288731704184936,-26.36502900082606,-27.428510688966494,5.257569111784297,6.133547169349844,-19.939911038407676,-19.504170214601668,30.21546674193328,28.893205038788366,30.482687555832957,32.231516077897275,-32.51296002694881,-31.767692959452603,36.77780450029288,35.99184802624064,-38.67359850577296,-36.5032819722768
0.3263263263263263,5.30045138633669,6.86321948071783,-20.131637809866632,-21.020336005310416,30.42458108090888,31.310240511053863,-26.361984566381135,-27.413168571734236,5.2567550273493575,6.147472282609829,-19.9402230337158,-19.48650775192292,30.218739116592335,28.908940290550806,30.479767487300023,32.25477381693909,-32.51288109874254,-31.75284817251878,36.77724575834146,36.000553415473,-38.676040128144045,-36.47671127892159
0.3273273273273273,5.298625593771168,6.8808436712711485,-20.128380834599604,-21.006501913996253,30.42380539219104,31.33173787320452,-26.358997464658028,-27.397937791366683,5.255955609563148,6.161660832427675,-19.94052722018108,-19.468474016476847,30.22194954868642,28.924405371341162,30.476900661208013,32.278586650244556,-32.51279926818292,-31.73780484446873,36.7766739287009,36.00947482760942,-38.67843272652048,-36.44958663187812
0.3283283283283283,5.296837635963281,6.898819317917887,-20.12517251974352,-20.99274508045749,30.423044903446183,31.353223636891236,-26.35606684402727,-27.38280466914106,5.25517064582304,6.176124153480733,-19.940823666899508,-19.450055890333093,30.225098924396537,28.939611089875687,30.47408644501956,32.30295983069052,-32.512714694284064,-31.722551313047052,36.77608946956904,36.018625715142754,-38.68077707928469,-36.421914577404415
0.3293293293293293,5.295086911542507,6.917152847748988,-20.12201237531815,-20.979056314124755,30.422299388711203,31.374697275137986,-26.353191856162592,-27.367754757656932,5.254399924798122,6.190873504366108,-19.94111244458238,-19.431240626464312,30.228188126472517,28.954568800004633,30.47132420330639,32.32789757580465,-32.51262753175085,-31.70707596724478,36.77549283207907,36.02802006274667,-38.683073959117245,-36.39370354055305
0.3303303303303303,5.293372821992136,6.935850373770982,-20.118899907734605,-20.965425812465433,30.42156862257559,31.39615787930839,-26.350371656464272,-27.352772862662395,5.253643236499006,6.205920032490946,-19.941393625471044,-19.412015945454428,30.231218033842307,28.969290378397428,30.468613298216184,32.353402993397296,-32.512537931024276,-31.69136728705393,36.77488446029497,36.03767239617058,-38.68532413274741,-36.364963866446445
0.3313313313313313,5.291694771906674,6.954917692954976,-20.115834620184188,-20.951843146261954,30.42085238029969,31.417604157674464,-26.347605404459873,-27.3378430675744,5.2529003723436585,6.221274737249219,-19.9416672832535,-19.392370136464553,30.23418952124187,28.983788202575013,30.465953089922657,32.37947800905798,-32.512446038329074,-31.675413884844794,36.77426479121123,36.04759778981028,-38.68752836072056,-36.335707845782565
0.3323323323323323,5.290052169236579,6.974360288073403,-20.11281601301437,-20.93829724504404,30.42015043792726,31.439034441354174,-26.344892264183,-27.322948760817457,5.2521711252193475,6.23694843165501,-19.941933492982844,-19.372292161759493,30.23710345886512,28.99807512933829,30.463342937059135,32.4061232962816,-32.51235199572348,-31.659204548269784,36.77363425475657,36.05781187292891,-38.68968739718173,-36.30594972268283
0.3333333333333333,5.288444425520679,6.99418333345193,-20.109843584092125,-20.924776382806314,30.419462572392547,31.460446697905358,-26.342231404530853,-27.30807266608625,5.251455289540852,6.2529517026587085,-19.942192330997525,-19.35177176394127,30.239960712033167,29.012164473665706,30.460782197135927,32.43333821000747,-32.51225594115091,-31.64272828454684,36.7729932738016,36.06833083452297,-38.691801989674765,-36.2757056831489
0.3343343343343343,5.286870956106601,7.014391704676994,-20.10691682915481,-20.911268164160173,30.418788561621984,31.481838552764692,-26.339621999601164,-27.29319687561304,5.250752661305036,6.269294870433659,-19.94244387484343,-19.33079957487702,30.242762140882224,29.026069988180925,30.458270226941785,32.46112072436188,-32.512158008493444,-31.625974365919117,36.77234226417018,36.07917142684641,-38.693872878956356,-36.244993822618476
0.3353353353353353,5.285331180359534,7.034989992199055,-20.10403524214877,-20.897759511086466,30.418128184630696,31.503207318606062,-26.33706322900935,-27.27830288649049,5.250063038141921,6.2859879469858155,-19.94268820319781,-19.309367225150925,30.24550860006955,29.0398058433218,30.455806382929783,32.48946737539195,-32.512058327626875,-31.608932376026004,36.77168163465431,36.0903509676195,-38.69590079882439,-36.21383409140425
0.3363363363363363,5.283824521859664,7.055982518659915,-20.101198315555894,-20.884236650472886,30.417481221613976,31.524550032564964,-26.3345542781864,-27.263371640065895,5.249386219362357,6.303040594506946,-19.942925395794955,-19.287467452718435,30.248200938496765,29.053386608372836,30.453390021587943,32.518373209567464,-32.51195702447731,-31.591592256854387,36.771011787032506,36.10188734095689,-38.697886475960054,-36.182248217163064
0.3373373373373373,5.282350408588611,7.077373359652186,-20.09840554070836,-20.870685102637164,30.416847454033885,31.54586350113703,-26.332094338658298,-27.24838356438518,5.248722006002431,6.320462083961664,-19.943155533353725,-19.265094209301267,30.25083999904993,29.06682723355307,30.45102049979496,32.54783173880781,-32.51185422107909,-31.573944355869344,36.77033311609135,36.11379899704794,-38.6998306297831,-36.15025960397006
0.3383383383383383,5.280908273105176,7.099166367493614,-20.095656408091692,-20.85708967105385,30.416226664701128,31.567144352413298,-26.329682608307525,-27.233318619625386,5.2480702008647055,6.338261254468448,-19.943378697506837,-19.242242762938552,30.25342661835576,29.080143033377663,30.44869717516126,32.57783490276718,-32.51175003563386,-31.55597947285125,36.76964600965015,36.12610495060971,-38.70173397231967,-36.11789320805686
0.3393393393393393,5.279497552710739,7.121365197472696,-20.092950407636533,-20.843434433518585,30.415618637852365,31.588389095166974,-26.327318291617424,-27.21815634641496,5.247430608556409,6.356446474103002,-19.943594970731905,-19.21890979500888,30.25596162655342,29.0933496715324,30.446419406355897,32.60837303908247,-32.51164458257078,-31.53768890589312,36.76895084858862,36.13882477810696,-38.70359720808221,-36.08517539080216
0.3403403403403403,5.278117689604606,7.143973335899299,-20.090287028999175,-20.829702734999202,30.415023159223107,31.609594184161526,-26.32500059989987,-27.202875916903057,5.246803035524697,6.375025602816528,-19.94380443628426,-19.195093489964833,30.25844584708126,29.106463147513537,30.44418655341948,32.6394348622584,-32.51153797260768,-31.51906449593963,36.76824800687728,36.151978613690254,-38.70542103396085,-36.05213375012351
0.3413413413413413,5.2767681310296375,7.16699412917947,-20.087665761831232,-20.81587718243716,30.41444001611635,31.630756090913348,-26.322728751507064,-27.187456188404116,5.246187290089072,6.394005958219188,-19.94400717813148,-19.170793615980976,30.260880096477948,29.119499785289218,30.441997978063565,32.67100745183336,-32.51143031281298,-31.50009866917973,36.76753785161067,36.16558714374306,-38.70720613912591,-36.01879693199203
0.3423423423423423,5.27544832940844,7.1904308130318695,-20.085086096038616,-20.801939641775924,30.413868997467087,31.65187137902017,-26.32050197202793,-27.171875759413435,5.245583182471089,6.413394285027162,-19.94420328088965,-19.146011594712288,30.263265184197493,29.13247622423132,30.4398530439568,32.7030762504382,-32.51132170666845,-31.480784476540833,36.766820743043056,36.17967159984736,-38.70895320494074,-35.98519442435877
0.3433433433433433,5.274157742470452,7.214286540878314,-20.08254752203007,-20.78787123750416,30.413309893902824,31.67293678306412,-26.318319494469748,-27.156113027764164,5.244990524821438,6.433196729007071,-19.94439282976131,-19.120750558396345,30.265601912437507,29.145409412546943,30.4377511169982,32.7356250723274,-32.51121225413245,-31.461115629476605,36.766097034626526,36.19425374987603,-38.710662904884785,-35.951356336320224
0.3443443443443443,5.272895833370199,7.238564410376054,-20.08004953095553,-20.773652355011027,30.412762497800298,31.69394929002089,-26.31618055942561,-27.14014625067713,5.244409131244512,6.4534188162704424,-19.944575910475105,-19.09501539261163,30.267891075980295,29.158316603406316,30.435691565577915,32.76863612292642,-32.51110205170383,-31.441086531196163,36.765367073051536,36.20935588679736,-38.71233590448609,-35.91731316584111
0.3453453453453453,5.271662070797027,7.263267487017073,-20.077591614934555,-20.75926264605799,30.41222660333844,31.714906222058175,-26.314084415228248,-27.123953606441752,5.243838817820552,6.474065438769592,-19.944752609227063,-19.068812763127607,30.270133462046186,29.171215353918644,30.43367376082576,32.802090029895844,-32.510991192486124,-31.420692302452952,36.76463119828957,36.2250008146338,-38.71397286126296,-35.88309555977305
0.3463463463463463,5.270455929076588,7.288398823700826,-20.07517326727501,-20.744681037676173,30.411702006547845,31.735805319590014,-26.312030318090795,-27.107513257459097,5.243279402625475,6.495140846820884,-19.94492301262352,-19.042151125450154,30.27232985015864,29.18412352705042,30.43169707684791,32.83596588615876,-32.510879766252145,-31.39992880100087,36.76388974363791,36.24121183085526,-38.71557442467432,-35.84873407024054
0.3473473473473473,5.269276888264372,7.313961475191294,-20.07279398268234,-20.729885744800246,30.41118850535672,31.756644823470364,-26.310017532235015,-27.090803414375635,5.242730705748479,6.516648649427992,-19.94508720762566,-19.015040715877326,30.27448101202067,29.197059296513117,30.429760890952117,32.870241305265516,-32.51076785950882,-31.378792633836873,36.7631430357664,36.258012704308705,-38.717141236078334,-35.81425891169443
0.3483483483483483,5.268124434231546,7.339958506395432,-20.070453257459643,-20.714854286949144,30.41068589963359,31.77742355525925,-26.30804533000753,-27.073802401037298,5.242192549307505,6.538591823092928,-19.945245281495662,-18.98749352313351,30.276587711402048,29.21004115457154,30.42786458386164,32.90489248937481,-32.510655555562145,-31.357281161387192,36.76239139476608,36.27542764759531,-38.71867392869885,-35.77969972304597
0.3493493493493493,5.266998058743388,7.366392993445283,-20.06815058969871,-20.699563509260663,30.4101939912268,31.798140994575785,-26.30611299198452,-27.056488719996135,5.241664757462661,6.560972729683245,-19.94539732174441,-18.959523239940996,30.2786507040369,29.223087922643145,30.426007539918448,32.93989431000453,-32.51054293458227,-31.33539249286177,36.76163513419965,36.293481282607615,-38.72017312759936,-35.74508533928446
0.3503503503503503,5.265897259530561,7.393268016626644,-20.065885479462423,-20.683989608181733,30.40971258400092,31.818797352661406,-26.304219807065422,-27.038841118304376,5.241147156427691,6.583793143767609,-19.945543416080707,-18.931145194212554,30.28067073753123,29.236218764475343,30.42418914727579,32.9752204015463,-32.51043007366856,-31.313125472101706,36.76087456115355,36.31219859773827,-38.721639449664046,-35.71044357684562
0.3513513513513513,5.264821540353504,7.420586644268912,-20.063657428958617,-20.66810816210936,30.40924148387028,31.839393641408567,-26.302365072556125,-27.020838653330784,5.240639574479569,6.607054289637623,-19.945683652362103,-18.902376259900574,30.28264855127997,29.249453201606062,30.422408798080607,33.01084326734019,-32.51031704691463,-31.29047965337932,36.76010997629167,36.33160489507532,-38.72307350358554,-35.6758010367391
0.3523523523523523,5.26377041106017,7.448351906789604,-20.061465942705706,-20.651894167269933,30.408780498829593,31.859931737259174,-26.300548094242014,-27.002460758330102,5.2401418419663015,6.630756888001416,-19.945818118547155,-18.87323474791114,30.28458487639307,29.262811130735745,30.420665888646035,33.04673439787106,-32.51020392547323,-31.267455266781315,36.7593416739106,36.35172572571409,-38.72447588985907,-35.64118292906896
0.3533533533533533,5.262743387637381,7.476566760169234,-20.059310527690283,-20.63532207911782,30.408329438981895,31.88041443953643,-26.298768186451504,-26.98368730748621,5.239653791313029,6.6549012120656945,-19.945946902649165,-18.843740277876638,30.286480435630377,29.27631284256997,30.41895981961432,33.082864400378035,-32.510090777620945,-31.244053173011757,36.75856994199619,36.372586811150704,-38.7258472007827,-35.60661292210303
0.3543543543543543,5.261739992256022,7.505234038215336,-20.057190693516997,-20.618365859529142,30.407888116563907,31.900845522936375,-26.297024672110265,-26.96449868013239,5.239175257026489,6.679487152420852,-19.94607009269141,-18.813913631969427,30.28833594334473,29.289979041634005,30.417289996110465,33.11920313887096,-32.50997766882269,-31.220274807692146,36.7577950622816,36.39421394858588,-38.727188020463245,-35.57211301848071
0.3553553553553553,5.26075975331031,7.534356393057579,-20.055105952550793,-20.600999030064802,30.40745634596881,31.921229784064362,-26.295316882786775,-26.944875823826887,5.238706075697928,6.704514289813632,-19.94618777666378,-18.783776592321942,30.290152105433098,29.303830866515796,30.415655827886873,33.155719883233125,-32.509864661795866,-31.196122115506483,36.75701731030643,36.41663289786987,-38.728498924827626,-35.53770346051261
0.3563563563563564,5.259802205451383,7.5639362234005265,-20.05305582005188,-20.583194731579315,30.407033943766702,31.94157308205,-26.293644158729464,-26.924800315929026,5.238246086004524,6.72998197454057,-19.946300042480807,-18.753351763984863,30.291929619295203,29.31788990996378,30.41405672945933,33.19238346577253,-32.50975181657416,-31.171597474835316,36.75623695547715,36.439869247770766,-38.729780481639374,-35.5034026658398
0.3573573573573573,5.2588668896153985,7.593975590150572,-20.051039814303586,-20.56492579045983,30.40662072872269,31.9618823734062,-26.292005848895897,-26.90425442328119,5.23779512870941,6.755889410831836,-19.94640697794111,-18.722662385694512,30.293669173799508,29.332178238251313,30.412492120234564,33.22916244328192,-32.509639190571015,-31.146703613836934,36.75545426112857,36.46394825925995,-38.731033250519936,-35.46922719400564
0.3583583583583583,5.257953353046398,7.624476119135596,-20.04905745673331,-20.546164791793576,30.40621652181279,31.982165741408572,-26.29040131097437,-26.88322115955662,5.237353046660344,6.782235744229565,-19.946508670688157,-18.691732131022615,30.295371449255995,29.34671840921967,30.410961424629704,33.266025262400184,-32.50952683864259,-31.121443519257515,36.75466948458637,36.48889468359303,-38.73225778297458,-35.435191743771014
0.3593593593593593,5.2570611493141115,7.655438890759317,-20.047108272026815,-20.526884159781734,30.40582114623773,32.00243242035702,-26.28882991139829,-26.86168433978446,5.236919684787099,6.809020149608981,-19.946605208172407,-18.660584902736407,30.297037117395615,29.36153348842609,30.40946407218388,33.30294042585374,-32.50941481315028,-31.09582033957503,36.753882877230545,36.51473255313533,-38.733454622422585,-35.40130918029279
0.3603603603603603,5.256189838326929,7.686864316589015,-20.045191788236064,-20.507056245742678,30.405434427434688,32.02269281513934,-26.28729102535368,-26.83962863151513,5.236494890097656,6.83624191715755,-19.94669667761471,-18.629244623395916,30.29866684135598,29.376647062849525,30.40799949766225,33.33987665701543,-32.50930316402269,-31.069837284392754,36.75309468455974,36.54148494315214,-38.734624304231495,-35.36759059060457
0.3613613613613614,5.255338986340229,7.718752003078808,-20.04330753688078,-20.48665342407565,30.405056193087123,32.042958516545575,-26.285784036780143,-26.81703960204411,5.236078511673226,6.863900533330533,-19.946783165971045,-18.597735025350662,30.300261275673055,29.39208325164302,30.406567141152703,33.376803060165464,-32.50919193881706,-31.043497522285293,36.752305146256475,36.56917370317076,-38.735767355755186,-35.334045365203515
0.3623623623623623,5.254508165960263,7.751100602895682,-20.04145505304397,-20.465648196584773,30.40468627313274,32.063242312782,-26.28430833836565,-26.793903761075548,5.235670400662198,6.891995753554608,-19.946864759898453,-18.566079443364647,30.301821066278535,29.4078667134645,30.40516644815556,33.41368927388622,-32.50908118278013,-31.016804079550756,36.75151449625302,36.59781915703905,-38.736884296375514,-35.30068130297083
0.3633633633633633,5.253696956143776,7.783907654656171,-20.03963387546159,-20.444013305588207,30.404324499769665,32.08355819760523,-26.28286333153544,-26.770208598182606,5.235270410273046,6.920527663268812,-19.946941545722293,-18.53430061309316,30.30334685050265,29.424022649964556,30.40379686966637,33.45050561517622,-32.50897093890831,-30.98975974252481,36.75072296279807,36.62743977146887,-38.73797563754734,-35.267504736147124
0.3643643643643643,5.252904942193553,7.8171694123104265,-20.03784354660654,-20.421721856253505,30.403970707460957,32.10392137544253,-26.28144842643533,-26.74594261441499,5.234878395766253,6.949496723787572,-19.94701360940463,-18.50242047855674,30.304839257082104,29.44057680505733,30.40245786225224,33.48722321212817,-32.50886124800729,-30.9623669662541,36.74993076852398,36.658051793676094,-38.7390418828467,-35.234520671656306
0.3653653653653653,5.252131715750067,7.850880665936156,-20.036083612767193,-20.398747448601007,30.403624732937462,32.124348263785535,-26.280063041909735,-26.721095347419954,5.2344942144453235,6.978903799457489,-19.94708103651388,-18.47046001160843,30.30629890617296,29.457555459646283,30.401148888121764,33.523814123375516,-32.50875214875088,-30.9346277923971,36.74913813051461,36.68966885972169,-38.740083528021906,-35.201732944729116
0.3663663663663664,5.2513768747793925,7.885034556330445,-20.034353624120644,-20.375064319595413,30.403286415199176,32.14485649304429,-26.27870660547475,-26.695657389487067,5.2341177256469145,7.008750162670412,-19.947143912195564,-18.438439046174175,30.30772640936812,29.474985421517687,30.399869415188917,33.56025144295778,-32.50864367773922,-30.906543779210594,36.74834526037372,36.72230157632719,-38.74110106104746,-35.16914438052549
0.3673673673673673,5.250640023557572,7.919622386507777,-20.032653134800835,-20.350647495693455,30.40295559551504,32.165464903929944,-26.277378553286383,-26.669620398003417,5.233748790730146,7.039037473501791,-19.947202321144253,-18.406376129769352,30.30912236971924,29.492894010149126,30.398618917131024,33.59650938976872,-32.50853586955625,-30.878115946381268,36.74755236429379,36.755957080278876,-38.742094962180495,-35.13675695929757
0.3683683683683684,5.249920772651569,7.954633434012345,-20.030981702961764,-20.325472956124635,30.402632117421454,32.18619354229973,-26.276078330104458,-26.642977097919285,5.233387273065139,7.069767731075918,-19.947256347576616,-18.374288394464443,30.310487381762854,29.511309036206193,30.397396873441114,33.63256338130946,-32.50842875682637,-30.84934473726934,36.74675964312531,36.79063858103716,-38.74306570401964,-35.10457198057638
0.3693693693693693,5.2492187388969915,7.990054768804527,-20.029338890835938,-20.299517807044566,30.402315826719345,32.20706365125032,-26.274805389252187,-26.615721275977776,5.233033038020825,7.100943194226971,-19.947306075205553,-18.342191449099392,30.31182203155046,29.53025877551638,30.39620276947482,33.66839009204451,-32.508322370270434,-30.82023000084049,36.74596729244638,36.82634489380291,-38.744013751566115,-35.07259022190788
0.3703703703703703,5.248533545372722,8.025871082344185,-20.027724264788212,-20.27276046650955,30.402006571470004,32.22809766008756,-26.273559192571856,-26.587847766657514,5.232685952952072,7.132566269633348,-19.947351587215433,-18.310099294138872,30.313126896682316,29.549771937312862,30.395036096492053,33.70396749722404,-32.50821673876091,-30.790770995173535,36.74517550263271,36.86306997201901,-38.74493956228688,-35.04081208781243
0.3713713713713714,5.247864821372605,8.062064534311862,-20.026137395365257,-20.245180859971384,30.401704201989713,32.24931916963386,-26.272339210376693,-26.559352430015398,5.232345887186165,7.164639366355453,-19.94739296623836,-18.27802426012998,30.314402546344883,29.569877626530822,30.39389635169363,33.73927490356245,-32.5081118893762,-30.76096641394715,36.74438445892783,36.90080245003987,-38.74584358617973,-35.009237744897916
0.3723723723723723,5.2472122023743415,8.098614624114528,-20.02457785734068,-20.216760625680234,30.40140857084321,32.270752933160864,-26.271144921399273,-26.53023212189458,5.232012712008694,7.197164716602751,-19.94743029433149,-18.245976970279678,30.31564954135155,29.590605299912042,30.392783038253103,33.77429296862546,-32.50800784745427,-30.730814436736047,36.74359434151357,36.93952520840099,-38.74672626584015,-34.97786723942351
0.3733733733733734,5.246575330005717,8.135498094835327,-20.02304522975613,-20.187483329010778,30.40111953283604,32.292424832056234,-26.26997581273659,-26.50048465727652,5.231686300648878,7.230144163587007,-19.94746365295533,-18.213966327221893,30.31686843418659,29.611984715626466,30.39169566534387,33.809003711152386,-32.50790463664533,-30.700312803297876,36.74280532558068,36.97921497566069,-38.747588036529805,-34.946700594088426
0.3743743743743744,5.245953852008314,8.1726888775207,-20.02153909595834,-20.15733468429724,30.400836945005913,32.31436184514986,-26.268831379792033,-26.470108767897273,5.231366528264366,7.263578918470567,-19.947493122953073,-18.18199952360244,30.31805976905207,29.63404587604716,30.39063374816191,33.84339051480887,-32.50780227896373,-30.66945891132317,36.74201758139971,37.01984198204346,-38.74842932624651,-34.915737881405434
0.3753753753753753,5.245347422198823,8.210158083566881,-20.020059043632447,-20.12630278228428,30.400560666613003,32.336592010438466,-26.26771112621446,-26.43910405560647,5.2310532719255525,7.297469289667472,-19.94751878453084,-18.150082075683315,30.31922408191764,29.656818963211883,30.389596807944177,33.87743812801539,-32.50770079483905,-30.638249936376273,36.74123127439182,37.06136968095289,-38.749250555795626,-34.884979271704744
0.3763763763763764,5.24475570042809,8.247874052393367,-20.01860466483159,-20.094378320786724,30.400290559129377,32.35914437775851,-26.26661456383456,-26.407470943308002,5.230746410599444,7.3318143890669525,-19.947540717238912,-18.118217878764693,30.320361900572937,29.68033426636313,30.388584371982873,33.911132662522064,-32.507600203166284,-30.606682972004453,36.74044656519986,37.1037545546997,-38.750052138862635,-34.854425054587445
0.3773773773773773,5.244178352538014,8.285802460515077,-20.017175556002982,-20.061554835618704,30.40002648622748,32.382048950767455,-26.265541212598663,-26.375210625667837,5.230445825133104,7.36661182107839,-19.94755899995387,-18.08640928285164,30.321473744682507,29.704622100771527,30.387595973635836,33.944461593300524,-32.50750052135518,-30.574755187271258,36.73966360975929,37.146946020370976,-38.75083448208693,-34.82407563348765
0.3783783783783784,5.243615050316416,8.32390649651851,-20.015771318010632,-20.027828928324475,30.399768313767844,32.40533661640463,-26.26449060050023,-26.34232502208694,5.230151398236714,7.401857361688138,-19.947573710861636,-18.05465718666162,30.322560125843115,29.729712716807494,30.38663115233309,33.97741376210646,-32.507401765378745,-30.542463998319395,36.738882559369245,37.19088645053567,-38.75159798513659,-34.79393149388075
0.3793793793793794,5.243065471450001,8.362147104322357,-20.014391556154703,-19.993200486743536,30.399515909785944,32.4290390598177,-26.26346226350909,-26.308816734695625,5.229863014466284,7.437544635906517,-19.9475849274414,-18.02296114778603,30.3236215476432,29.755636197927462,30.3856894535798,34.00997938674381,-32.507303949820816,-30.509807250030875,36.738103560763456,37.2355113213585,-38.75234304078408,-34.763993146554114
0.3803803803803803,5.242529299475507,8.400483294519637,-20.013035880187868,-19.957672893999593,30.399269144478332,32.45318866256359,-26.262455745498706,-26.27468901430928,5.2295805602060295,7.473664802996027,-19.947592726450416,-17.99131950659292,30.32465850572444,29.78242234588089,30.384770428955736,34.042150077653204,-32.50720708792284,-30.47678340347088,36.73732675618117,37.280749497654256,-38.7530700349828,-34.7342610481928
0.3813813813813814,5.242006223729163,8.438872520669719,-20.01170390432852,-19.92125322114429,30.39902789018807,32.477818381730124,-26.261470598171485,-26.239945737375255,5.2293039236504555,7.510206259635575,-19.947597183909625,-17.95972952129518,30.32567148784524,29.81010055102509,30.38387363611145,34.073918862975574,-32.507111191629726,-30.44339172461486,36.73655228343789,37.32652366049577,-38.75377934694432,-34.70473550227651
0.3823823823823823,5.241495939294557,8.477271114297876,-20.010395247271195,-19.883952398440353,30.39879202138948,32.502961607484565,-26.260506380982445,-26.2045913969207,5.229032994786174,7.547154371619915,-19.94759837509012,-17.92818751151571,30.326660973946023,29.838699645165583,30.382998638761215,34.10528022273349,-32.50701627163481,-30.409632469894184,36.73578027599604,37.372750878307556,-38.75447134921634,-34.675416543885795
0.3833833833833834,5.240998146949005,8.515634769273657,-20.009109532194156,-19.8457853601597,30.39856141467228,32.528651996451266,-26.25956266106119,-26.168631110369628,5.228767665373469,7.584491244758201,-19.9475963745004,-17.89668900766176,30.32762743621621,29.868247733838377,30.382145006673017,34.136230132255626,-32.50692233742401,-30.375507064368268,36.73501086303545,37.419343317126575,-38.755146407761096,-34.646303812427085
0.3843843843843844,5.240512553108528,8.553919063409838,-20.00784638676433,-19.80677115782219,30.39833594872514,32.55492327826737,-26.258639013132477,-26.132070646828538,5.228507828927647,7.622195545276645,-19.94759125587441,-17.86522890347651,30.328571339162743,29.898772004445686,30.381312315655514,34.16676611447137,-32.506829397319024,-30.34101826883488,36.73424416952359,37.46620908015809,-38.75580488203435,-34.61739641646997
0.3853853853853853,5.2400388697715234,8.59208000278886,-20.006605443139712,-19.766933037026245,30.398115504318667,32.58180903268512,-26.257735019435437,-26.094916476043778,5.228253380700192,7.660242379226331,-19.94758309216036,-17.83380160926399,30.32949313968008,29.930298506188166,30.38050014754235,34.19688730024908,-32.50673745851971,-30.306170332897437,36.73348031628567,37.51325316121976,-38.75644712506469,-34.58869279482024
0.3863863863863864,5.23957681446123,8.630074572701096,-20.00538633796929,-19.726298473434355,30.397899964287884,32.60934243470748,-26.25685026964157,-26.057175840717047,5.22800421765974,7.698603239153409,-19.947571955510263,-17.80240120347658,30.330393287121534,29.962851897357368,30.379708090173715,34.22659449556363,-32.506646527145556,-30.270969131866075,36.73271942007438,37.5603784915061,-38.75707348353322,-34.56019057762263
0.3873873873873873,5.239126110167057,8.667861278340546,-20.00418871239066,-19.68489916407864,30.39768921351423,32.637555965492,-26.255984360771656,-26.018856853240518,5.22776023847291,7.737246024638674,-19.94755791727024,-17.771021580600333,30.331272223371823,29.996455155325602,30.378935737375446,34.255890253974265,-32.5065566082763,-30.235422286304196,36.73196159363944,37.607487054673,-38.757684297853466,-34.53188645071242
0.3883883883883884,5.238686485284888,8.705400658651802,-20.003012212025368,-19.64277097093988,30.397483138907106,32.666481087174354,-26.25513689711167,-25.979968617197002,5.227521343484993,7.776135141317999,-19.947541047971487,-17.7396565935546,30.332130382920784,30.031129244571574,30.378182688935677,34.28477895268084,-32.50646770599168,-30.199539263951408,36.731206945796814,37.654481041860734,-38.75827990225148,-34.503776025652364
0.3893893893893894,5.238257673556408,8.742655757976822,-20.001856486972123,-19.599953814716127,30.39728162938501,32.69614788038814,-26.254307490127825,-25.94052137318327,5.227287434700539,7.815231680738482,-19.947521417321965,-17.70830018911686,30.332968192938132,30.066892738391374,30.377448550579217,34.31326687030874,-32.506379823410306,-30.163331464555192,36.73045558149758,37.701264016199104,-38.75886062484609,-34.475853716959186
0.3903903903903903,5.237839414007563,8.779592542341106,-20.000721191797968,-19.55649151781235,30.397084575856272,32.72658464413698,-26.253495758380836,-25.900526667676917,5.227058415763843,7.854493680988978,-19.94749909419877,-17.676946535165026,30.333786073349145,30.10376139065272,30.376732933939724,34.3413622645455,-32.50629296272767,-30.126812288724896,36.72970760189648,37.74774205573227,-38.7594267877292,-34.44811262701798
0.3913913913913914,5.237431450886205,8.816180250192488,-19.999605985527467,-19.512431596818626,30.396891871199443,32.757817458852315,-26.252701327439496,-25.85999754279881,5.226834191939354,7.893876465578302,-19.947474146641124,-17.645590138769403,30.334584436911236,30.14174765514178,30.376035456529817,34.36907544780449,-32.50620712525333,-30.08999719219187,36.72896310442006,37.79382484461333,-38.75997870704611,-34.420544438188585
0.3923923923923924,5.237033533599014,8.852391670939179,-19.998510531630032,-19.467825006058714,30.396703410243344,32.78986971498483,-26.25192382979367,-25.8189487439408,5.22661467009203,7.933333055630765,-19.94744664184405,-17.61422595433595,30.335363689291295,30.180860151805636,30.375355741709196,34.39641885920795,-32.50612231144723,-30.052903726751175,36.728222182834465,37.839426684784144,-38.760516693075786,-34.39313931071643
0.3933933933933934,5.236645416647749,8.888203348459639,-19.997434498005468,-19.42272583512945,30.39651908974681,32.82276161135719,-26.251162904766797,-25.777396941345433,5.226399758667644,7.9728146482304405,-19.947416646152615,-17.582849481074838,30.33612422914374,30.221103081572352,30.374693418650907,34.423407131344085,-32.50603852095513,-30.015551568639275,36.72748492731277,37.8844674039969,-38.76104105031104,-34.36588578435522
0.3943943943943944,5.236266859564912,8.923595710590494,-19.996377556967804,-19.377190964651163,30.396338808378175,32.856509629759955,-26.250418198427955,-25.73536096084857,5.226189367673065,8.012271151762702,-19.947384225056837,-17.551456849021097,30.336866448189166,30.262475594471745,30.3740481223058,34.45005715044111,-32.50595575264328,-29.977962534175703,36.72675142450193,37.928873140686,-38.76155207753859,-34.33877068116373
0.3953953953953953,5.235897626848879,8.958553129165827,-19.995339385227503,-19.33127968563991,30.396162466694463,32.89112599488051,-26.24968936350361,-25.6928620181328,5.225983408656524,8.051651767446423,-19.947349443187125,-17.52004489265336,30.33759073129359,30.304971119480726,30.37341949336533,34.47638810879551,-32.50587400463222,-29.94016058121803,36.72602175758919,37.972576991532414,-38.76205006791894,-34.311779006806916
0.3963963963963964,5.235537487898569,8.993063918242415,-19.99431966387214,-19.285053288921063,30.395989967120393,32.92661813155669,-26.248976059289085,-25.649923949990974,5.2257817946878795,8.090905604975132,-19.947312364310335,-17.48861121083902,30.338297456548123,30.34857666882152,30.372807178222725,34.502421548476136,-32.50579327432973,-29.902171793447376,36.72529600636814,38.01551951322167,-38.76253530906595,-34.28489384790398
0.3973973973973974,5.235186216947711,9.027120280514016,-19.993318078345563,-19.238574631761466,30.395821213927142,32.962988134432806,-26.24827795155988,-25.606573435269095,5.225584440338895,8.12998231932314,-19.94727305132635,-17.45715421139051,30.33898699534908,30.393272134223476,30.372210828932698,34.528181395485355,-32.50571355846305,-29.86402434285714,36.72457424730421,38.05764907552848,-38.763008083126294,-34.25809626352802
0.3983983983983984,5.234843592998756,9.060718213469784,-19.992334318425726,-19.19190768934619,30.39565611321095,33.00023226819511,-26.24759471248283,-25.56284019735376,5.225391261663543,8.1688327553366,-19.947231566265216,-17.42567313797596,30.339659712478444,30.439029597710068,30.371630103169657,34.55369398368511,-32.50563485311018,-29.825748424235528,36.72385655359964,38.09892206814736,-38.76346866685845,-34.23136516985343
0.3993993993993994,5.234509399756509,9.093857387529281,-19.991368078201138,-19.14511709882584,30.395494572871534,33.038340519441824,-26.246926020527223,-25.51875717930862,5.225202176178348,8.20740958671647,-19.947187970284805,-17.394168076535454,30.340315966184605,30.48581268448795,30.371064664184676,34.578988067883394,-32.50555715373048,-29.787376154109502,36.72314299525804,38.13930296836967,-38.763917331711475,-34.204677218124786
0.4004004004004003,5.2341834255615245,9.12654100819416,-19.990419056046058,-19.098267703396896,30.39533650259039,33.07729622360281,-26.24627156037597,-25.474360682078682,5.2250171028427665,8.245667936391486,-19.947142323668967,-17.362639937778265,30.340956108263317,30.533575990093283,30.370514180761084,34.604094825525124,-32.50548045519442,-29.748941425758495,36.722433639148264,38.178764280595786,-38.764354343903335,-34.178006667518495
0.4014014014014014,5.233865463323315,9.158775673255187,-19.98948695459453,-19.051424103265592,30.39518181380891,33.117075791815516,-26.24563102283676,-25.429690455622055,5.224835962039641,8.283565966042492,-19.9470946858262,-17.33109041186206,30.341580484138845,30.58226461760241,30.369978327168955,34.629047846442575,-32.505404751812605,-29.71047971170377,36.72172854906787,38.21728636165649,-38.76477996449885,-34.15132525600451
0.4024024024024024,5.233555310453425,9.19057123439071,-19.98857148071323,-19.004650219430886,30.39503041970648,33.157648562912385,-26.24500410475345,-25.384789732469624,5.22465867555571,8.321065423630937,-19.94704511528878,-17.299521891080644,30.342189432945208,30.631813862889658,30.36945678311844,34.6538831101001,-32.50533003736395,-29.67202780569579,36.72102778580595,38.25485714796752,-38.76519444948722,-34.12460207389249
0.4034034034034034,5.2332527687984305,9.221940670234869,-19.987672345473317,-18.958008875079113,30.394882235178407,33.19897680431565,-26.24439050891752,-25.339705193152376,5.224485166562196,8.358132139150504,-19.946993669712366,-17.267937356416606,30.34278328760751,30.682149086048998,30.36894923371206,34.678638949722426,-32.505256305123154,-29.633623497767363,36.7203314072054,38.29147180168805,-38.76559804985905,-34.097803446260784
0.4044044044044044,5.232957644572888,9.252899975356145,-19.986789264121192,-18.911561398108784,30.39473717681382,33.241015882368025,-26.24378994397988,-25.29448685329045,5.2243153595954865,8.394736460400619,-19.94694040587605,-17.236340224247325,30.343362374923263,30.73318580467563,30.368455369396013,34.703356002633704,-32.505183547887434,-29.595305178430053,36.71963946822461,38.32713229338398,-38.765991011682935,-34.07089283180926
0.4054054054054054,5.232669748292297,9.28346806676487,-19.98592195604837,-18.865367247009317,30.394595162873493,33.2837146172746,-26.243202124362828,-25.24918786303572,5.224149180537904,8.430853622308712,-19.94688537968283,-17.204734150404192,30.343927015643693,30.784830039349583,30.36797488591061,34.72807714606297,-32.50511175800245,-29.557111371509297,36.71895202099854,38.36184693833293,-38.76637357618148,-34.04383074674227
0.4064064064064064,5.232388894706107,9.313666706769572,-19.985070144760417,-18.819483661114035,30.39445611326765,33.32701583040072,-26.242626770172436,-25.203864211121715,5.223986556598577,8.466464045137645,-19.946828646160537,-17.17312279021596,30.344477524554986,30.8369789332204,30.367507484239784,34.752847417599,-32.50504092738756,-29.51908019927892,36.71826911489924,38.39562990269228,-38.766745979806814,-34.01657472298298
0.4074074074074074,5.232114902730815,9.34352043843389,-19.984233557845045,-18.773965335236678,30.394319949533724,33.37085708240671,-26.24206360711126,-25.15857432809471,5.223827416294419,8.501553558741618,-19.946770259463133,-17.14150951510562,30.345014210559352,30.889521656208963,30.367052870559913,34.77771391940885,-32.50497104756033,-29.48124878820179,36.71759079659568,38.42850069443244,-38.76710845431555,-33.98907931026823
0.4084084084084084,5.2318475953831935,9.373056527742657,-19.98341192693945,-18.72886411795969,30.394186594814094,33.415171590108606,-26.24151236639145,-25.113378586416072,5.2236716894312325,8.536113551818934,-19.946710272872423,-17.109897088681667,30.34553737675604,30.94234059052578,30.36661075618783,34.80272570527541,-32.50490210966034,-29.44365262834922,36.71691711011299,38.460483652353204,-38.76746122684313,-33.9612961314285
0.4094094094094094,5.231586799713683,9.402304905033464,-19.98260498769686,-18.684228732417747,30.39405597383388,33.45988929879314,-26.240972784648335,-25.068338698997884,5.223519307084921,8.570141046802252,-19.94664873880014,-17.07828730792801,30.346047320522047,30.99531277882892,30.366180857528192,34.827933649462125,-32.50483410447227,-29.406324904030694,36.71624809689109,38.49160744477406,-38.767804519977624,-33.93317399940805
0.4104104104104104,5.231332346739982,9.43129809740893,-19.981812479752413,-18.640104518318942,30.393928012878664,33.50493807593805,-26.240444603854456,-25.02351702222003,5.22337020158284,8.60363870258422,-19.9465857087904,-17.046680617853212,30.34654433359264,31.048311600599526,30.365762896020268,34.8533902963805,-32.504767022448334,-29.369295816866877,36.71558379584265,38.5219045877172,-38.768138551832855,-33.90465910335727
0.4114114114114114,5.231084071380882,9.460071143776,-19.98103414668839,-18.596533194138097,30.393802639772336,33.550244982946175,-26.23992757123415,-24.978975774330927,5.223224306485281,8.636614748665485,-19.94652123352251,-17.01507571056877,30.347028702141618,31.1012086275947,30.365356598084105,34.87914969001665,-32.50470085372999,-29.332591925065092,36.71492424341036,38.55141099065774,-38.76846353612095,-33.87569526950262
0.4124124124124124,5.230841812390363,9.488661484852928,-19.98026973599884,-18.55355263883571,30.3936797838549,33.59573757460479,-26.23942143917867,-24.934776185011366,5.223081556567084,8.669082855507847,-19.94645536281413,-16.98346912197725,30.347500706861258,31.153875596981038,30.364961695066228,34.90526718206856,-32.504635588169045,-29.296235523678053,36.71426947362363,38.580165536246334,-38.76877968222419,-33.84622430057844
0.4134134134134134,5.230605412291993,9.517108821861939,-19.97951899905364,-18.511196693010614,30.39355937596038,33.641345172357845,-26.238925965161876,-24.890977596372426,5.222941887799409,8.701061946858626,-19.946388145624724,-16.951854840833935,30.347960623041907,31.206186432236603,30.364577923184857,34.931799217753515,-32.50457121534802,-29.260244089957958,36.71361951815456,38.608209698841534,-38.76908719526626,-33.81618639552029
0.4144144144144144,5.23037471731366,9.545454939541246,-19.97878169106205,-18.46949497997867,30.393441348394756,33.687000057637015,-26.238440911656543,-24.847636539334683,5.222805237331642,8.732575960568829,-19.946319630059385,-16.920223945728846,30.34840872065126,31.258019238069245,30.364205023474707,34.9588030982671,-32.50450772459996,-29.224629815549658,36.71297440637325,38.63558720523239,-38.76938627618276,-33.7855206490118
0.4154154154154154,5.230149577322656,9.57374349137292,-19.978057571035787,-18.428472747779328,30.393325634914003,33.73263853554051,-26.237966046051312,-24.804805811808635,5.222671543473461,8.763653564946566,-19.946249863372916,-16.888564285430817,30.348845264413185,31.309258196876034,30.363842741731457,34.98633671891341,-32.50444510502754,-29.189399243377796,36.712334165402446,38.66234373958458,-38.76967712179107,-33.7541656284725
0.4164164164164164,5.229929845761152,9.602019747318746,-19.977346401751653,-18.38815073345603,30.393212170702174,33.77820182674487,-26.237501140568284,-24.76253358607553,5.222540745677057,8.794327837961275,-19.94617889197424,-16.85686021705238,30.349270513886157,31.35979530053797,30.36349082845584,35.0144582819869,-32.5043833455216,-29.154553022020988,36.71169882017151,38.688526693399496,-38.769959924859535,-33.72206002426689
0.4174174174174174,5.229715379582081,9.630330306675981,-19.976647949713776,-18.348545051072193,30.393100892349626,33.82363675596404,-26.237045972181313,-24.720862572111383,5.22241278451951,8.82463591664131,-19.946106761431064,-16.825092414741665,30.34968472354125,31.40953186193195,30.36314903879748,35.04322598358033,-32.50432243477901,-29.120085784603468,36.711068393469695,38.714184960128016,-38.770234874175905,-33.68914336735011
0.4184184184184184,5.229506039185462,9.658722780730498,-19.975961985115468,-18.30966710478273,30.392991737831267,33.8688962175297,-26.236600322534997,-24.679829261336646,5.222287601685333,8.854618623791875,-19.946033516474824,-16.79323775927145,30.35008814283965,31.458379764327752,30.36281713249851,35.07269767363667,-32.504262361320016,-29.085986153301484,36.71044290599872,38.7393687730241,-38.770502154615066,-33.65535680722942
0.4194194194194194,5.229301688355176,9.687245451569249,-19.975288281800783,-18.271523527889844,30.392884646485,33.91393941162106,-26.236163977864393,-24.639463271614876,5.22216513994918,8.884320078715941,-19.945959201005895,-16.761269316210754,30.350481016309647,31.50626242242614,30.362494873836937,35.102930488776316,-32.50420311350491,-29.052236864977363,36.70982237642468,38.76412958385826,-38.77076194720607,-33.62064394194288
0.4204204204204204,5.229102194196229,9.71594691465022,-19.974626617225763,-18.234116148213978,30.392779558990227,33.95873185721011,-26.23573672891548,-24.59978680961522,5.222045343158719,8.9137872979724,-19.94588385809904,-16.729156407575157,30.350863583623173,31.55311544471284,30.362182031569887,35.13398045774006,-32.504144679550194,-29.018815008660212,36.70920682142925,38.78851997924178,-38.77101442919843,-33.58495169061962
0.4214214214214214,5.228907427072515,9.744875713509321,-19.973976772419395,-18.197441979374837,30.39267641734649,34.00324519896297,-26.235318370866384,-24.560814261339647,5.221928156217681,8.943069791390469,-19.945807530009105,-16.696864779175698,30.35123607967174,31.598887001699328,30.361878378876707,35.165902079718784,-32.50408704754415,-28.985692361904313,36.70859625576015,38.812593630548925,-38.77125977412767,-33.54823119794314
0.4224224224224224,5.228717260545098,9.77407997535187,-19.973338531944393,-18.161493236789024,30.392575164852232,34.04745683446224,-26.23490870324938,-24.52255191617146,5.221813525069076,8.972219157625617,-19.94573025817693,-16.664356863482897,30.35159873464184,31.64353791741292,30.361583693301977,35.19874787641709,-32.50403020546182,-28.95283581063958,36.707990692281,38.83640527277972,-38.77149815188013,-33.51043875834345
0.4234234234234234,5.2285315713110405,9.803607056304898,-19.972711683857725,-18.126257376438076,30.392475746083743,34.09134939480529,-26.234507529873703,-24.48499782467138,5.221701396678592,9.001288682548362,-19.945652083235476,-16.63159213577733,30.3519517740898,31.687041511469204,30.361297756698463,35.23256791943621,-32.503974141179526,-28.92020783599599,36.70739014202039,38.86001070719581,-38.77172972875702,-33.47153674587238
0.4244244244244244,5.228350239142785,9.833503204879555,-19.972096019671007,-18.09171715382498,30.39237810687418,34.1349101157957,-26.234114658749125,-24.448141785892187,5.221591719018158,9.030332942767535,-19.94557304501618,-16.598527559676732,30.352295419016,31.729383225884014,30.36102035517005,35.26740933546502,-32.503918842488794,-28.88776705161758,36.706794614220264,38.88346682220393,-38.77195466753776,-33.43149453340336
0.4254254254254254,5.228173146828111,9.863813251784814,-19.97149133431072,-18.057850700082533,30.392282194292783,34.17813013872544,-26.2337299020104,-24.411965456446076,5.221484441049699,9.059407415670362,-19.94549318255547,-16.5651181167467,30.352629885938494,31.770560074496697,30.36075127901466,35.303315792821984,-32.50386429710976,-28.85546877596643,36.70620411638366,38.90683162677254,-38.772173127542494,-33.39028938205465
0.4264264264264264,5.228000180110683,9.894580333693668,-19.97089742607833,-18.02463161196506,30.392187956624248,34.22100377945362,-26.233353075842512,-24.376442571053563,5.221379512709059,9.088568096577095,-19.94541253410151,-16.53131741370007,30.352955386966055,31.810579953805274,30.360490322667243,35.34032697405898,-32.503810492704076,-28.823265625780707,36.705618654321654,38.930164290663576,-38.772385264693945,-33.34790727867575
0.4274274274274274,5.227831227631199,9.925845657905151,-19.97031409661031,-17.992029052463188,30.39209534334824,34.26352780251218,-26.232984000406773,-24.341539262815694,5.22127688489011,9.117871123014897,-19.945331137121087,-16.49707835952463,30.353272129870486,31.849460852676213,30.3602372846428,35.37847804055957,-32.50375741688736,-28.791108118905107,36.70503823219966,38.95352518595508,-38.7725912315784,-33.30434369608068
0.4284284284284284,5.227666180869168,9.957648314046533,-19.96974115083808,-17.96000785902381,30.392004305119077,34.30570073370933,-26.232622499767768,-24.3072144708681,5.221176509429043,9.14737240576105,-19.945249028306673,-16.462353903605603,30.353580318158368,31.887229995401874,30.359991967479505,35.41779909625885,-32.50370505724109,-28.758945276882564,36.70446285258301,38.97697592472818,-38.772791177505994,-33.259604247786285
0.4294294294294294,5.2275049340853,9.990025137965223,-19.969178396947928,-17.928528656808943,30.3919147937456,34.34752224051,-26.23226840182117,-24.273420423207707,5.221078339088835,9.177127266222653,-19.945166243583664,-16.42709782441103,30.353880151142107,31.923922948562645,30.359754177681957,35.45831465868323,-32.50365340132406,-28.726725219749795,36.70389251648184,39.000579388390015,-38.772985248570265,-33.21370520673908
0.4304304304304304,5.227347384264557,10.023010631695188,-19.968625646340893,-17.89754797504932,30.39182676217122,34.388992604631746,-26.23192153822239,-24.240103183107607,5.220982327543908,9.207190079926994,-19.94508281811775,-16.391265556516192,30.354171824010297,31.959582717676284,30.359523725664555,35.50004314635843,-32.503602436683344,-28.694395747234893,36.70332722339525,39.024399744884526,-38.77317358770683,-33.166673856372334
0.4314314314314314,5.227193431059842,10.0566369417722,-19.96808271359265,-17.867018365294534,30.391740164454102,34.430112306006684,-26.231581744316166,-24.207203248425543,5.220888429364962,9.237613926395387,-19.94499878632244,-16.354815041654337,30.354455527897404,31.994258855148832,30.359300425695068,35.54299639217517,-32.50355215086488,-28.66190490189042,36.70276697135477,39.048502450969075,-38.77335633475145,-33.11854864282653
0.4324324324324324,5.22704297673636,10.090933896159244,-19.967549416413423,-17.83688852118252,30.391654955747608,34.47088173166888,-26.23124885906695,-24.17465619406629,5.2207966000039985,9.268450246448191,-19.944914181866697,-16.317707587165426,30.35473144995278,32.02800659691718,30.35908409583836,35.5871791924785,-32.50350253142348,-28.629201510545514,36.702211756967145,39.07295423774667,-38.773533626497134,-33.069379099748154
0.4334334334334334,5.226895926116651,10.125929097610978,-19.96702557560792,-17.807103400200493,30.39157109228084,34.511301017338425,-26.230922724990243,-24.142393348723648,5.220706795779524,9.299748509007214,-19.944829037682737,-16.27990871281509,30.35499977340892,32.060886041597165,30.35887455790037,35.632588901447036,-32.503453565932546,-28.596235700810464,36.701661575456406,39.097823078655374,-38.7737055967507,-33.01922552210048
0.4344344344344344,5.226752186526293,10.161648068494385,-19.96651101503537,-17.777604348744955,30.391488531339455,34.55137002359616,-26.230603188084775,-24.110342497708153,5.220618973861935,9.3315558906735,-19.94474338597389,-16.24138896467899,30.355260677649053,32.09296138300066,30.35867163737228,35.67921507979949,-32.50340524199326,-28.56295938924751,36.70111642070525,39.123178140017785,-38.7738723763884,-32.96815837303763
0.4354354354354354,5.226611667740313,10.19811443899959,-19.966005561569578,-17.748329232574648,30.391407231246625,34.59108844271109,-26.230290097765604,-24.078428604126763,5.220533092259096,9.363916972695414,-19.944657258222648,-16.2021246728828,30.355514338273977,32.12430020453145,30.35847516337498,35.72703920611408,-32.50335754724342,-28.5293267372968,36.700576285295696,39.14908971491388,-38.77403409341088,-32.91625741802386
0.4364364364364364,5.226474281930269,10.235350167496364,-19.965509045059143,-17.719212575457792,30.391327151344203,34.630456026578294,-26.229983306798108,-24.04657454093926,5.220449109802088,9.396873461317249,-19.944570685198716,-16.16209862872337,30.35576092716818,32.15497284210151,30.358284968603773,35.77603445822569,-32.50331046936582,-28.49529457021113,36.70004116054913,39.175629141417545,-38.77419087299728,-32.86361059264683
0.4374374374374374,5.226339943612056,10.27337577875023,-19.965021298287756,-17.69018570941915,30.391248251974098,34.669472921083454,-26.229682671232855,-24.014701826531294,5.2203669861311495,9.430463938806843,-19.944483696967243,-16.121300656327357,30.35600061256525,32.18505182066427,30.358100889273395,35.826165571451256,-32.50326399609634,-28.460822753224935,36.699511036565546,39.202868705994725,-38.774342837558734,-32.81031262429722
0.4384384384384384,5.226208569594402,10.312210603071653,-19.96454215693461,-17.661176940473016,30.391170494459843,34.70814008780374,-26.229388050341377,-23.98273135649435,5.2202866816818,9.46472365357757,-19.944396322897088,-16.079728054740894,30.35623355911248,32.21461136805759,30.357922765063336,35.87738877994291,-32.5032181152315,-28.42587451809952,36.69898590226222,39.230881531983954,-38.77449010679095,-32.75646344211616
0.4394394394394394,5.226080078928082,10.351872997494482,-19.964071459534978,-17.632111734067106,30.39109384108837,34.74645979056481,-26.229099306552847,-23.950584124365864,5.220208157671139,9.49968435860318,-19.944308591669184,-16.03738588832858,30.356459927934807,32.243727008417025,30.357750439063487,35.92965184737228,-32.503172814635796,-28.39041673220257,36.69846574541163,39.25974145149746,-38.774632797726134,-32.70216642320269
0.4404404404404404,5.225954392855852,10.392380528986958,-19.963609047440983,-17.602912924644876,30.391018255092,34.784436122250746,-26.228816305391664,-23.918181924214505,5.220131376084334,9.535374207617403,-19.944220531284973,-15.994287106643267,30.356679876697928,32.2724752358309,30.35758375772012,35.98289419339075,-32.50312808224859,-28.35442010156371,36.69795055267869,39.28952285678481,-38.77477102478414,-32.64752653480072
0.4414414414414414,5.22583143476309,10.433750099634029,-19.963154764782477,-17.573500953749456,30.39094370063062,34.822075546581274,-26.228538915415903,-23.88544802817854,5.220056299661284,9.571817718230514,-19.9441321690749,-15.95045247946535,30.35689355967072,32.30093326709218,30.357422570782255,36.03704712273521,-32.50308390609064,-28.317859299075966,36.69744030965738,39.320300524159926,-38.77490489982285,-32.59264844088822
0.4424424424424424,5.225711130129173,10.475997994734708,-19.962708458428132,-17.543794140938555,30.390870142774087,34.85938743038923,-26.228267008156692,-23.852307832360054,5.219982891883467,9.609035809924613,-19.94404353170698,-15.905910338364185,30.35710112778687,32.32917887036131,30.357266731248355,36.092034164165156,-32.50304027427035,-28.280713009361705,36.69693500090664,39.35214940016136,-38.77503453218786,-32.537634646317336
0.4434434434434434,5.225593406479566,10.519139836763387,-19.962269977946768,-17.51370899146586,30.390797547484848,34.896384544173415,-26.22800045805847,-23.81868946479246,5.219911116960968,9.647045922773165,-19.9439546451954,-15.8606961226896,30.35730272870576,32.35729026436031,30.357116095313447,36.147771526233015,-32.502997174989616,-28.242963882951816,36.69643460998562,39.38514433593106,-38.77516002876138,-32.482583751785185
0.4444444444444444,5.225478193338648,10.563190430982718,-19.96183917556885,-17.48316054423577,30.390725881600748,34.933083512152216,-26.227739142420145,-23.784524349460575,5.219840939819677,9.685862219578956,-19.943865534909172,-15.814851735082547,30.357498506872577,32.385346080499005,30.356970522316622,36.20416867578085,-32.502954596549415,-28.2045983944663,36.6959391194883,39.41935975216917,-38.77528149401041,-32.42758888825348
0.4454454454454454,5.2253654221832555,10.608163491939917,-19.961415906148225,-17.452062762999077,30.39065511281807,34.969505197364896,-26.22748294133713,-23.749747720493072,5.219772326088675,9.725495869919726,-19.94377622558083,-15.76842471908376,30.357688603577667,32.41342537825444,30.356829874688938,36.261129042665864,-32.50291252735501,-28.165606602502375,36.69544851107738,39.45486921381335,-38.77539903003422,-32.37273639023394
0.4464464464464464,5.225255026396959,10.654071243889296,-19.961000027124086,-17.420328973188877,30.39058520967479,35.00567501214541,-26.227231737644264,-23.714299080626535,5.219705242087792,9.765955409409381,-19.94368674131517,-15.721467278874245,30.357873157015145,32.44160770235045,30.35669401790177,36.318550850354384,-32.50287095592091,-28.125981812921264,36.694962765517616,39.49174489119525,-38.77551273661107,-32.318104754287674
0.4474474474474474,5.225146941225068,10.700923892171556,-19.960591398483203,-17.387872346271443,30.390516141534032,35.041623149083286,-26.22698541685965,-23.678122597869365,5.219639654815339,9.807247161516242,-19.94359710559799,-15.67403516824216,30.358052302340692,32.46997316896428,30.356562820415565,36.376328066752315,-32.502829870875516,-28.085720152062628,36.69448186270843,39.53005688324666,-38.77562271124419,-32.26376391316071
0.4484484484484484,5.225041103730363,10.748728966656424,-19.96018988272238,-17.354606433079514,30.390447878567763,35.07738473196908,-26.226743867129336,-23.641167434047247,5.219575531936014,9.849375702841435,-19.943507341304898,-15.626186482170153,30.358226171728624,32.498602567416974,30.35643615362906,36.43435146331831,-32.50278926096545,-28.044820061879392,36.69400578171591,39.569872378755555,-38.775729049207094,-32.20977483841932
0.4494494494494494,5.224937452749551,10.797490542570772,-19.9597953448112,-17.32044574736117,30.390380391740667,35.1129998898516,-26.226506979172864,-23.603387998729747,5.219512841768988,9.892344346277977,-19.943417470710077,-15.57798038961166,30.35839489442819,32.52757746362042,30.356313891828936,36.492509763769576,-32.50274911505964,-28.003281734736866,36.69353450080419,39.611254634077575,-38.77583184358817,-32.15618946656337
0.4504504504504504,5.224835928850455,10.847208348587651,-19.959407652155033,-17.285306400737127,30.390313652794283,35.14851375996765,-26.226274646229733,-23.5647441221126,5.219451553276151,9.936155610462526,-19.943327515495127,-15.5294758497295,30.35855859681911,32.55698029192228,30.35619591213996,36.550690857373354,-32.50270942215314,-27.961106511230614,36.69306799746618,39.65426175042495,-38.775931185334535,-32.103050926632605
0.4514514514514514,5.224736474289918,10.89787677726326,-19.959026674558334,-17.249106790377848,30.39024763423131,35.183976426818916,-26.226046764006693,-23.52520114098434,5.21939163605054,9.980811638967474,-19.943237496757867,-15.480730355806505,30.3587174024663,32.58689442282057,30.35608209447556,36.60878304681536,-32.50267017137063,-27.918296269363125,36.69260624845368,39.69894524117472,-38.77602716329521,-32.05039403236502
0.4524524524524524,5.224639032972434,10.94948381915563,-19.95865228418822,-17.21176834088645,30.390182309300172,35.219442805053106,-26.225823230625913,-23.484729893158207,5.219333060304928,10.02631452933642,-19.94314743502116,-15.431798750983763,30.35887143217392,32.61740419517701,30.355972321488917,36.66667629774902,-32.502631351969754,-27.87485283728925,36.692149229806866,39.745348389786955,-38.77611986426362,-31.998245989859594
0.4534534534534534,5.224543550409504,11.00200994957491,-19.95828435553834,-17.173216301927884,30.390117651979757,35.254972473142786,-26.225603946573997,-23.443306617883014,5.219275796860585,10.072666530872961,-19.943057350241737,-15.382732157825528,30.359020804038582,32.648594902889975,30.355866478524504,36.72426345690238,-32.50259295334412,-27.830777464148905,36.69169691688319,39.79350441203042,-38.77620937301936,-31.94662726299745
0.4544544544544544,5.224449973679696,11.055427006062612,-19.95792276539308,-17.133380602839136,30.39005363696441,35.290629463297336,-26.22538881465185,-23.40091276287314,5.219219817136205,10.119870071497798,-19.942967261818985,-15.333577059474296,30.35916563350186,32.68055272734208,30.355764453570153,36.78144140823379,-32.502554965026135,-27.78607038389954,36.691249284385634,39.843434452246406,-38.77629577236933,-31.895552533861967
0.4554554554554554,5.224358251389427,11.10969710522509,-19.957567392792033,-17.092196764509804,30.389990239649126,35.326482010780765,-26.225177739925396,-23.357534702734895,5.219165093136994,10.16792757832386,-19.94287718860379,-15.284374564013538,30.359306033401968,32.713364608181855,30.35566613720959,36.83811214184993,-32.50251737668956,-27.740730505316993,36.69080630639041,39.895145462063816,-38.77637914318816,-31.845031694088718
0.4564564564564564,5.224268333634458,11.164771658857466,-19.95721811899483,-17.04960686695654,30.38992743611495,35.36260226304222,-26.22497062967712,-23.31316337861668,5.2191115974439315,10.216841064061098,-19.94278714890729,-15.235159875903507,30.35944211402478,32.74711804602715,30.35557142257549,36.894183717612314,-32.50248017815187,-27.694755257376393,36.69036795637403,39.948628030676026,-38.77645956445796,-31.795070805280755
0.4574574574574575,5.224180171962087,11.220590560249692,-19.956874827446264,-17.005560567998394,30.389865203114596,35.39906594599001,-26.22476739335844,-23.267793874650135,5.219059303203179,10.26661146200425,-19.94269716050963,-15.185961989409519,30.35957398315402,32.78190083140586,30.355480205303053,36.949571113657065,-32.50244335937639,-27.648140613132302,36.68993420723983,40.00385425739441,-38.77653711330746,-31.745672971999134
0.4584584584584584,5.224093719334047,11.277081620467511,-19.956537403741745,-16.960016164148303,30.3898035180583,35.43595198152791,-26.22456794254292,-23.221424952828414,5.219008184115663,10.317237706070907,-19.942607240668753,-15.13680360928213,30.35970174612074,32.81780069460276,30.355392383484055,37.0041969583943,-32.50240691047424,-27.600881307211747,36.68950503134385,40.060775778031015,-38.77661186505042,-31.696839078932523
0.4594594594594594,5.224008930090107,11.334160339083187,-19.956205735593105,-16.912941679303017,30.389742358999857,35.473342047281,-26.22437219088027,-23.17405857391502,5.21895821442681,10.36871556884977,-19.94251740612906,-15.087701294080277,30.35982550585205,32.85490487097984,30.355307857621455,37.05799215191956,-32.502370821706045,-27.552971252469646,36.68908040052021,40.119322074465195,-38.776683893223435,-31.64856835414359
0.4604604604604604,5.223925759912355,11.391730091904455,-19.955879712794715,-16.864315960269426,30.38968170462287,35.51132006641219,-26.224180054051185,-23.125699437221286,5.218909368916441,10.421036289363046,-19.942427673130123,-15.038665807947154,30.359945362919095,32.893299575684466,30.355226530584527,37.11089638832125,-32.50233508348348,-27.504404150709647,36.688660286105865,40.17939920874052,-38.776753269623086,-31.60085873220962
0.4614614614614614,5.223844165790179,11.449682807501098,-19.95555922718997,-16.814129751049556,30.389621534227263,35.54997161271957,-26.22399144972294,-23.076354575993264,5.218861622888818,10.474185042421025,-19.942338057415324,-14.98970265781803,30.36006141558432,32.933069380343866,30.35514830756446,37.16285859355889,-32.502299686370634,-27.45517428123426,36.688244658964855,40.240889126181386,-38.77682006434246,-31.553707003990606
0.4624624624624625,5.223764105985923,11.507900183245374,-19.95524417263809,-16.762386710746878,30.389561827715923,35.589383213983126,-26.22380629750585,-23.026033047052213,5.21881495216285,10.52813932187118,-19.942248574240462,-14.940812785382189,30.360173759847964,32.974296482273026,30.35507309603057,37.213837294224945,-32.502264621085175,-27.405277440049947,36.68783348951194,40.30364966343043,-38.77688434580703,-31.507108752971718
0.4634634634634634,5.223685540001226,11.566255459935503,-19.954934444981284,-16.709104333713395,30.389502565581616,35.62964153501448,-26.22362451891043,-22.97474575262964,5.218769333062449,10.582867329144516,-19.94215923838235,-14.891993377018743,30.360282489493876,33.01705985387624,30.355000805686977,37.2638009307614,-32.50222987849935,-27.35471199259019,36.68742674773573,40.367515374831044,-38.776946180809894,-31.461058090863844
0.4644644644644644,5.223608428544022,11.624615733401889,-19.95462994201229,-16.654314725935496,30.389443728894076,35.67083242133983,-26.2234460373054,-22.922505428550778,5.218724742407039,10.638326474336182,-19.942070064147273,-14.843238750715198,30.360387696134566,33.06143425644365,30.354931348429854,37.31272812506535,-32.50219544964083,-27.303479994639364,36.687024403221265,40.43229925341442,-38.77700563454647,-31.415547216567088
0.4654654654654654,5.223532733496218,11.682844735348288,-19.954330563442216,-16.598065189404668,30.389385299287323,35.71303978527888,-26.223270777876422,-22.869326825791713,5.218681157502211,10.694462107437651,-19.941981065379537,-14.794541276934432,30.36048946925556,33.107489098841285,30.35486463830521,37.36060790760404,-32.502161325693365,-27.251588330492112,36.686626425172065,40.49779537201527,-38.77706277064848,-31.370565831855338
0.4664664664664664,5.223458417882021,11.740805969417806,-19.95403621086878,-16.540418566929564,30.38932725894717,35.75634431882345,-26.223098667585624,-22.815227102004563,5.21863855613053,10.751206600069667,-19.941892255469853,-14.745892290700711,30.360587896259023,33.15528711843175,30.35480059146715,37.40743990399774,-32.50212749799733,-27.19904981483608,36.686232782431645,40.5637824090818,-38.777117651217395,-31.326100453452757
0.4674674674674675,5.22338544583692,11.798366048593547,-19.953746787744883,-16.481453303880947,30.389269590598943,35.80082202270421,-26.222929635131827,-22.760226426260633,5.218596916542484,10.808478891291607,-19.941803647363717,-14.697282954858638,30.36068306250671,33.20488286011891,30.35473912613679,37.453234476337784,-32.50209395805008,-27.145884205641774,36.68584344350452,40.630027958049205,-38.77717033685729,-31.28213366398283
0.4684684684684684,5.223313782577313,11.855398053050116,-19.953462199347584,-16.42126319081301,30.3892122774954,35.84654254894605,-26.222763610911585,-22.704348784747644,5.21855621744758,10.866184593668411,-19.94171525356973,-14.648705039338664,30.36077505136217,33.25632093124669,30.354680162561593,37.49801281097112,-32.502060697506224,-27.09211907927149,36.68545837657669,40.69629345576386,-38.77722088670706,-31.23864334336946
0.4694694694694695,5.223243394370777,11.911784718620382,-19.953182352747373,-16.35995676158768,30.38915530340485,35.8935673656246,-26.22260052698091,-22.647622958522206,5.218516438005585,10.924216727765,-19.941627086167852,-14.600151587896981,30.360863944232296,33.30963401702142,30.354623622975325,37.541806942550856,-32.50202770817766,-27.037790525359,36.68507754953564,40.762339511988216,-38.777269358472125,-31.195601917921117
0.4704704704704704,5.223174248506962,11.96742127769445,-19.952907156777865,-16.297656335086096,30.389098652599476,35.94194776789847,-26.222440317017735,-22.590083627905624,5.2184775578179,10.982457115989705,-19.941539156817605,-14.551617451473772,30.36094982060815,33.36484065500495,30.354569431558517,37.584659703978204,-32.5019949820336,-26.98294362659357,36.68470092998984,40.82793138538554,-38.77731580845549,-31.15297565731814
0.4714714714714714,5.22310631326912,12.02221780582518,-19.952636522005836,-16.23449670410595,30.38904230984386,35.991722778871726,-26.222282916285103,-22.53177254300702,5.218439556919088,11.04077842301304,-19.941451476766193,-14.503099675100923,30.36103275810512,33.421942789534235,30.35451751439946,37.62662459329055,-32.5019625112004,-26.927632695952983,36.68432848528769,40.892844336531454,-38.77736029158826,-31.110724041303445
0.4724724724724725,5.22303955790624,12.076100974378498,-19.952370360701625,-16.170623491637624,30.38898626038368,36.04291700710933,-26.22212826159507,-22.472739687329295,5.218402415768522,11.09904678381569,-19.94136405685659,-14.454597732162036,30.361112832502407,33.48092315836073,30.35446779945578,37.667765551166205,-32.50193028796126,-26.871921249847066,36.68396018253613,40.956868597503096,-38.77740286145966,-31.068799209604546
0.4734734734734734,5.222973952605805,12.129015165387896,-19.952108586809903,-16.106191211167083,30.388930489934648,36.09553855360274,-26.22197629127327,-22.41304435237365,5.218366115242187,11.157124916428788,-19.94127690753552,-14.40611360482985,30.36119011778182,33.54174260378145,30.354420216516495,37.70815664593255,-32.50189830475588,-26.81588169922079,36.68359598861859,41.019813729284024,-38.77744357034641,-31.027145502092896
0.4744744744744745,5.222909468467143,12.180922961194975,-19.951851115920817,-16.041361082565388,30.388874984671578,36.14957708758342,-26.22182694512422,-22.352756036194354,5.218330636624604,11.214875579302378,-19.941190038861407,-14.357651712060195,30.361264686165917,33.60433744670844,30.35437469716467,37.74788166614911,-32.501866554179955,-26.759594741935125,36.68323587021263,41.081512188418685,-38.77748246924158,-30.985699092764005
0.4754754754754755,5.222846077475376,12.231805070605459,-19.95159786524148,-15.976298667044423,30.388819731217705,36.20500223455735,-26.22168016439729,-22.29195507824889,5.218295961600891,11.272165206968616,-19.94110346051222,-14.309218686514317,30.361336608155483,33.668617110037026,30.354331174740565,37.787033623439505,-32.50183502898453,-26.703148439753253,36.682879793807,41.141821986677684,-38.777519607882944,-30.944387721615932
0.4764764764764764,5.222783752475959,12.281659788992249,-19.951348753567864,-15.911171392311601,30.388764716634164,36.261762436882506,-26.221535891753327,-22.23073294671822,5.218262072248958,11.328867544950883,-19.941017181793264,-14.260822999786345,30.361405952566365,33.73446222067117,30.354289584305345,37.82571416989653,-32.501803722075365,-26.64663696405486,36.682527725718344,41.20062839451614,-38.77755503478076,-30.903130533004628
0.4774774774774775,5.222722467149794,12.330502108525149,-19.95110370125703,-15.846146041607922,30.38870992840965,36.3197844519104,-26.22139407123196,-22.169192102772953,5.21822895103183,11.384867106724272,-19.940931211644894,-14.212474432584287,30.36147278656564,33.801723449136304,30.35424986260531,37.86403293495038,-32.50177262651212,-26.590158998650914,36.6821796321074,41.25784470354321,-38.777588797245066,-30.861838036856376
0.4784784784784784,5.222662195988921,12.37836259599739,-19.950862630199733,-15.781386277602852,30.38865535445028,36.37897363986625,-26.22125464821956,-22.107445379174273,5.218196580790096,11.440062291205294,-19.940845558650157,-14.164183384833821,30.361537175707173,33.87022135244543,30.354211948036667,37.90210678616963,-32.501741735507466,-26.53381579841807,36.681835478994735,41.31341211899741,-38.7776209414124,-30.82041221879238
0.4794794794794795,5.222602914272769,12.425286141816688,-19.9506254637934,-15.717050264765819,30.388600983069633,36.43921515905539,-26.22111756941785,-22.045614828433855,5.218164944734486,11.494368026431127,-19.940760231042336,-14.115960022022556,30.361599183966504,33.93974746111989,30.354175780610824,37.9400590173398,-32.50171104242613,-26.47770892071805,36.68149523227614,41.367298896165266,-38.777651512272094,-30.77874683482379
0.4804804804804805,5.222544598044966,12.471330658995317,-19.950392126915467,-15.65328844316013,30.38854680297897,36.50037612804234,-26.220982782813127,-21.98383001890072,5.218134026438577,11.547717840363553,-19.940675236712437,-14.067813260175035,30.361658873775156,34.01006678931318,30.354141301920222,37.978018465711,-32.50168054078386,-26.42193767287474,36.681158857737515,41.419498862785765,-38.777680553691965,-30.736727933656823
0.4814814814814814,5.222487224090692,12.516565780951556,-19.950162545897076,-15.590241494364367,30.388492803277625,36.56230873554893,-26.22085023764615,-21.92222578576974,5.218103809831613,11.600065299166463,-19.94059058321659,-14.01974960352684,30.361716306054284,34.08092184753545,30.354108455104704,38.01611855890442,-32.50165022424628,-26.366596351324983,36.68082632106935,41.470029482777974,-38.77770810844362,-30.6942346528177
0.4824824824824825,5.222430769914579,12.561071577352681,-19.949936648497157,-15.528038528206148,30.3884389734436,36.62485418624445,-26.2207198843826,-21.860939477639963,5.218074279191457,11.651384792951303,-19.94050627778336,-13.971771865864296,30.36177154024773,34.15203810746601,30.354077184818355,38.054496290923964,-32.50162008662774,-26.31177138216305,36.68049758788083,41.51892961674334,-38.77773421822716,-30.651140332307275
0.4834834834834834,5.222375213719137,12.604937283071106,-19.949714363876847,-15.466795508606609,30.38838530332431,36.68784727631723,-26.22059167468419,-21.80010777629569,5.218045419137659,11.701671685482287,-19.94042232732098,-13.923877826758387,30.361824634354488,34.223130722434654,30.35404743719694,38.0932911262245,-32.501590121890004,-26.25753850270443,36.68017262371354,41.56625712426467,-38.7777589236955,-30.607313980697075
0.4844844844844845,5.222320534383705,12.648260020074277,-19.949495622574275,-15.406613928824045,30.388331783127494,36.75112131170302,-26.22046556138036,-21.739863204838706,5.218017214624635,11.750941875142614,-19.940338738424515,-13.876058894395042,30.361875644960534,34.293912166158854,30.354019159825803,38.13264383090724,-32.501560324140975,-26.203960142945775,36.67985139405466,41.61208643509541,-38.77778226447816,-30.56262211383762
0.4854854854854855,5.222266711443919,12.691143487240828,-19.94928035647973,-15.34757974073121,30.388278403412343,36.81451302912121,-26.220341498440543,-21.68033047286183,5.217989650934979,11.799230838008082,-19.940255517382905,-13.82829886352794,30.361924627270103,34.364100339444924,30.353992301708303,38.17269523081759,-32.50153068763327,-26.151083169008757,36.67953386434995,41.656506193863954,-38.7778042792046,-30.51693096695478
0.4864864864864864,5.2222137250716845,12.733696598139707,-19.949068498811148,-15.289762538806807,30.38822515508074,36.87786716705627,-26.220219440947066,-21.621622832032987,5.217962713672874,11.846592239503627,-19.94017267018597,-13.780572866575557,30.361971635136378,34.433426630207435,30.35396681323475,38.21358489753533,-32.501501206762825,-26.098937135035783,36.67922000001624,41.69961705845534,-38.7778250055271,-30.470109058801405
0.4874874874874875,5.2221615560556485,12.776032059418997,-19.948859984089992,-15.233214996278539,30.388172029368707,36.941040365166295,-26.220099345068533,-21.563838626644436,5.217936388757628,11.893096208959022,-19.94009020253128,-13.732846615497674,30.362016721091557,34.501643408795154,30.353942646151857,38.255449764901044,-32.501471876067356,-26.04753315634173,36.67890976645349,41.741529707771186,-38.77784448014317,-30.42203006385032
0.4884884884884884,5.2221101857821655,12.818264899217045,-19.948654748117463,-15.177972547370072,30.38811901783801,37.003904142591885,-26.219981168033893,-21.507058218371995,5.217910662417319,11.938827372150424,-19.940008119830985,-13.685076021073085,30.362059936376443,34.568530499338166,30.353919753532715,38.298422680789415,-32.501442690224856,-25.996863469338788,36.67860312905666,41.78236309155464,-38.77786273881756,-30.37257592709366
0.4894894894894895,5.222059596216741,12.860510972248425,-19.94845272795107,-15.124053305282523,30.388066112367913,37.066346806867784,-26.219864868106946,-21.451341442270728,5.217885521182547,11.983882731740344,-19.93992642721851,-13.637207255805208,30.36210133096938,34.633900277991046,30.353898089747226,38.34263090134506,-32.501413644051986,-25.946901689944074,36.67830005322703,41.82224293438752,-38.777879816403754,-30.32164013697933
0.4904904904904905,5.2220097698859504,12.90288548276003,-19.94825386188155,-15.071458200320231,30.388013305147098,37.12827425925378,-26.219750404561463,-21.396725714427657,5.217860951880302,12.028369475791118,-19.93984512955521,-13.589177299747417,30.36214095361469,34.697601190905374,30.35387761043305,38.38819453789455,-32.501384732502444,-25.89760372995671,36.678000504383256,41.86130048847463,-38.777895746865106,-30.269131055650366
0.4914914914914914,5.221960689859826,12.945501576264375,-19.948058089410143,-15.020171316913444,30.387960588665763,37.18960977191391,-26.219637737656843,-21.343224865695476,5.217836941627932,12.072402781740388,-19.939764231436893,-13.540914978686066,30.362178851850555,34.75951963493146,30.35385827246709,38.43522497026477,-32.50135595066531,-25.84890928748226,36.6777044479721,41.89967151584265,-38.77791056329551,-30.214975191576762
0.4924924924924925,5.221912339734701,12.98846905489995,-19.94786535122619,-14.970160403016692,30.38790795570784,37.25029290283244,-26.21952682861424,-21.290828726881664,5.217813477827227,12.11610366893579,-19.939683737200284,-13.492342474799747,30.362215072036346,34.81958028042501,30.353840033937377,38.48382324419936,-32.50132729376331,-25.800743797752734,36.677411849478744,41.937495470345176,-38.777924297939634,-30.15912028730365
0.4934934934934935,5.221864703616499,13.031893269514798,-19.947675589185103,-14.921377521390712,30.387855399343415,37.31027777626499,-26.2194176395933,-21.239503444907378,5.2177905481585976,12.159596938503608,-19.939603650929385,-13.44337726366182,30.362249659379422,34.877745022081996,30.35382285411553,38.534078474730435,-32.501298757151126,-25.753020716427194,36.67712267443683,41.974914843485855,-38.777936982212815,-30.101538084207938
0.4944944944944945,5.221817766104473,13.075874234808923,-19.94748874628666,-14.873759810372283,30.387802912921245,37.36953098650499,-26.219310133669303,-21.18919247164974,5.217768140575362,12.203009226278873,-19.939523976461743,-13.393934409540064,30.362282657961455,34.93401081250789,30.353806693429643,38.58606628129788,-32.50127033631356,-25.705644007517805,36.67683688843812,42.01207463549283,-38.77794864672046,-30.042226617620102
0.4954954954954955,5.221771512275366,13.120506002989163,-19.94730476665363,-14.827230322328433,30.38775049006147,37.42802938263136,-26.219204274810913,-21.139818140168657,5.217746243298138,12.24646718379961,-19.939444717394657,-13.34392913348738,30.362314110764142,34.98840666418593,30.35379151343765,38.63984728352335,-32.501242026863785,-25.658510719193718,36.67655445714187,42.04912191406383,-38.77795932127709,-29.981211891416564
0.4964964964964965,5.221725927668009,13.165876317177787,-19.947123595510753,-14.781698911101412,30.387698124648463,37.48575796700092,-26.21910002785833,-21.09128372726617,5.217724844809327,12.290095794686287,-19.93936587709123,-13.293279555114768,30.362344059694497,35.04099010449259,30.35377727680118,38.69546568822033,-32.5012138245415,-25.61151354856154,36.67627534628391,42.08620542728625,-38.77796903492499,-29.918548784337144
0.4974974974974975,5.221680998268331,13.21206654888822,-19.94694517916404,-14.737063145032394,30.38764581082381,37.5427080974512,-26.218997358502,-21.04347589548237,5.217703933847704,12.334016829443424,-19.939287458686422,-13.241909498461805,30.3623725456096,35.09184334443145,30.35376394725987,38.752947998003,-32.50118572521109,-25.564543316804016,36.67599952168529,42.12347524369055,-38.77797781595249,-29.854321054555644
0.4984984984984985,5.221636710494771,13.259151904795798,-19.9467694649804,-14.693209228999805,30.387593542979435,37.598876129475876,-26.218896233261727,-20.996267409283256,5.217683499403103,12.37834744081891,-19.93920946509291,-13.189751244666665,30.362399608340855,35.14106938437537,30.35375148960616,38.81230186969783,-32.50115772485972,-25.517491295241605,36.67572694926081,42.16108240019812,-38.77798569191181,-29.78864033787459
0.4994994994994995,5.221593051184102,13.307201867523082,-19.9465964013676,-14.65001292659355,30.3875413157509,37.65426257628356,-26.21879661946634,-20.949520026666402,5.217663530711197,12.423198903976317,-19.93913189900696,-13.136748109466478,30.362425286717773,35.188788237495515,30.353739869660497,38.87351514721461,-32.501129819595526,-25.470251338585648,36.675457595027105,42.1991785465791,-38.777992689636584,-29.721644080402587
0.5005005005005005,5.221550007577643,13.356280814369878,-19.946425937754547,-14.607340481337072,30.387489124010813,37.70887180692919,-26.218698485233727,-20.90308747638846,5.217644017248373,12.468675510207298,-19.93905476291412,-13.082856722842234,30.36244961859126,35.23513340949012,30.35372905424704,38.93655508980507,-32.50110200564563,-25.42272179273081,36.67519142511048,42.23791558144294,-38.777998835259005,-29.65349240835238
0.5015015015015015,5.2215075673078575,13.40644873849881,-19.946258024571893,-14.565049543111266,30.387436962862356,37.76271225001564,-26.2186017994514,-20.85681844088989,5.217624948726707,12.514873628799547,-19.938978059094897,-13.028048892642323,30.36247264085644,35.28024873489992,30.35371901116979,39.00136781441625,-32.50107427935427,-25.37480715083531,36.67492840575447,42.27744527819543,-38.778004154226586,-29.58436401216493
0.5025025025025025,5.221465718385326,13.457761981096887,-19.946092613232953,-14.522990112091609,30.387384827633007,37.815797026469966,-26.218506531757452,-20.81055947486767,5.217606315089015,12.561880957815225,-19.93890178963027,-12.97231294500586,30.362494389475025,35.32428563674242,30.353709709189182,39.067877971864085,-32.50104663718086,-25.326419433966507,36.674668503327155,42.317918898442514,-38.778008671318595,-29.51445120273737
0.5035035035035035,5.221424449186093,13.510273872620148,-19.94592965611493,-14.481005517172537,30.387332713868343,37.8681449025493,-26.218412652521952,-20.764157798958987,5.217588106504015,12.609775989564092,-19.93882595640718,-12.91565445260868,30.362514899497185,35.367400847024044,30.353701117999083,39.13598868193436,-32.50101907569807,-25.277479272662298,36.674411684328106,42.35948678409879,-38.778012410662114,-29.443954374699487
0.5045045045045045,5.221383748439372,13.56403517816814,-19.94576910654048,-14.438933448738574,30.387280617325995,37.91978143553738,-26.218320132828808,-20.71746391699632,5.217570313361561,12.658627718968987,-19.938750561123893,-12.858096287127058,30.362534205083033,35.40975459990667,30.35369320820424,39.20558176209369,-32.50099159158983,-25.227916665178146,36.67415791539517,42.40229790780407,-38.77801539574778,-29.37307617480564
0.5055055055055055,5.221343605215612,13.619094247268869,-19.94561091875954,-14.396607066606288,30.387228533969736,37.970740180299636,-26.21822894445799,-20.67033401357216,5.217552926267976,12.708495621260838,-19.938675605295284,-12.799677963929078,30.362552339523607,35.451509286007614,30.353685951298186,39.27651829632762,-32.50096418164945,-25.177671388940364,36.67390716331091,42.44649934494593,-38.77801764944517,-29.302015712631757
0.5065065065065065,5.221304008914898,13.675496781692269,-19.945455047931517,-14.353856203033233,30.387176459963683,38.02106383416525,-26.21813905986823,-20.622632095830912,5.2175359360414655,12.759429918063022,-19.93860109025802,-12.740454283180632,30.36256933526144,35.492828535122854,30.35367931964151,39.348639601031714,-32.50093684277761,-25.126693045762565,36.673659395008826,42.49223561141517,-38.778019194017865,-29.230963158604812
0.5075075075075075,5.221264949255706,13.733285155037441,-19.945301450107713,-14.31050867811436,30.387124391666635,38.0708052180832,-26.218050452180027,-20.574231849015977,5.217519333707618,12.811472136857008,-19.938527017175684,-12.680493310135073,30.362585223910703,35.53387667586283,30.353673286440596,39.421768649085486,-32.50090957198043,-25.074940730366826,36.673414577579365,42.53964779185507,-38.77802005113819,-29.160095047894632
0.5085085085085085,5.221226416263976,13.792497242679874,-19.94515008221411,-14.266391741155147,30.387072325626523,38.12002801990632,-26.217963095159178,-20.52501817903026,5.217503110494993,12.86465594768486,-19.93845338704377,-12.619873776015014,30.362600036276937,35.57481850507585,30.353667825726745,39.49571200660367,-32.50088236636749,-25.022382326743863,36.673172678275584,42.588872366883884,-38.77802024190162,-29.089570549783332
0.5095095095095095,5.2211884002625215,13.853164748023481,-19.9450009020344,-14.221333647440572,30.387020258574996,38.16880725650152,-26.217876963200577,-20.474888417285708,5.217487257830784,12.919008233394878,-19.93838020069462,-12.55868201723609,30.362613802376305,35.61581928848399,30.353662912335707,39.570262316428895,-32.50085522314991,-24.968993458013955,36.67293366451867,42.64003963808255,-38.77801978684089,-29.019528877408856
0.5105105105105106,5.22115089186075,13.915311039303974,-19.944853868193356,-14.175165376043092,30.386968187422113,38.21722944069319,-26.21779203131247,-20.42375316430749,5.217471767336568,12.97455031771058,-19.93830745880227,-12.497008602434654,30.362626551454547,35.65704490744299,30.353658521887656,39.64520132825364,-32.500828139638365,-24.914756141643075,36.6726975039032,42.693271649807976,-38.77801870593979,-28.950087912377647
0.5115115115115115,5.221113881944694,13.978948540078605,-19.944708940140433,-14.127722491673717,30.38691610925116,38.2653924630972,-26.21770827510104,-20.37153675055793,5.217456630824141,13.031299242162897,-19.938235161887206,-12.434944821490852,30.36263831200542,35.69866206541495,30.35365463076749,39.720303431010336,-32.50080111324114,-24.859657230773713,36.67246416420213,42.74867952002421,-38.77801701864664,-28.881344014517833
0.5125125125125125,5.221077361667348,14.044075747092897,-19.944566078133704,-14.078847152453509,30.386864021313578,38.31340521523968,-26.217625670755385,-20.318177297904576,5.217441840291418,13.089268952822845,-19.938163310321,-12.372579226112999,30.362649111788812,35.7408384712063,30.353651216105582,39.79533959571202,-32.50077414146219,-24.803686750595755,36.672233613371624,42.80636012059293,-38.77801474388752,-28.81337289067456
0.5135135135135135,5.221041322439298,14.11067398362636,-19.94442524322405,-14.02839026559832,30.386811921023995,38.36138698797963,-26.217544195032826,-20.263626375258657,5.2174273879184225,13.148471235728636,-19.938091904330935,-12.309994415359714,30.362658977848454,35.78374292327352,30.353648255758905,39.870081594836414,-32.5007472218992,-24.746836262035888,36.67200581955562,42.86639209228957,-38.778011900079115,-28.746231317748066
0.5145145145145145,5.221005755919646,14.178704037068199,-19.94428639723962,-13.97621379327416,30.38675980595539,38.409466678507265,-26.217463825244607,-20.207848258769488,5.217413266063351,13.208916230703982,-19.938020944004464,-12.247264250060823,30.36266793652923,35.82754522906458,30.35364572829251,39.94430633576066,-32.50072035224168,-24.689097399586732,36.67178075109022,42.928831241682595,-38.7780085051414,-28.67995946094435
0.5155155155155156,5.220970654007211,14.248102877525449,-19.944149502770617,-13.922193209402915,30.38670767383435,38.457781831394385,-26.21738453924189,-20.15081883106202,5.2173994672587085,13.270612360851059,-19.937950429293647,-12.18445165682608,30.362676013494134,35.87241590399557,30.35364361296142,40.0178001362142,-32.50069353026899,-24.6304607326535,36.67155837650781,42.99370544502415,-38.77800457650993,-28.61458350172436
0.5165165165165165,5.22093600883201,14.318780708018277,-19.944014523154262,-13.866220102586789,30.386655522536447,38.5064775262046,-26.217306315402126,-20.092524184330323,5.217385984207518,13.33356554191699,-19.937880360019456,-12.121607145992598,30.36268323374086,35.91852560498046,30.353641889692877,40.090362780687975,-32.50066675384847,-24.570915088600877,36.67133866454109,43.06100927549517,-38.778000131147905,-28.550118291055124
0.5175175175175175,5.220901812747005,14.390618650224532,-19.943881422460155,-13.808204908251009,30.38660335008169,38.55570510806746,-26.21722913261573,-20.03295902603654,5.2173728097796115,13.39777758285935,-19.93781073587604,-12.058768120783359,30.362689621617996,35.9660442624459,30.353640539068945,40.1618112252805,-32.500640020933545,-24.51044745064714,36.67112158412677,43.13069866858964,-38.77799518555798,-28.486569769302733
0.5185185185185185,5.220868058320118,14.463467411660634,-19.943750165475738,-13.748079733067094,30.386551154630126,38.60562074032583,-26.217152970273094,-19.97212501949752,5.217359937007982,13.463243755456698,-19.937741556434855,-11.995959000759447,30.36269520084091,36.015139881720856,30.35363954230949,40.23198285812116,-32.5006133295618,-24.449043506363164,36.67090710440919,43.20268603626634,-38.777989755793755,-28.423936939510444
0.5195195195195195,5.220834738326494,14.537147295024237,-19.943620717692156,-13.68580120675794,30.38649893447751,38.656383741653705,-26.217077808251908,-19.910029219785834,5.217347359085214,13.529949594228526,-19.937672821148787,-11.933192125777916,30.36269999450726,36.065976988937486,30.35363888125551,40.300738265097976,-32.50058667785314,-24.386688875478782,36.670695194743665,43.276836319538035,-38.77798385747108,-28.362213239886696
0.5205205205205206,5.220801845741025,14.611449880646845,-19.94349304529033,-13.621353262604122,30.386446688051077,38.70815465558439,-26.217003626904795,-19.846682782761185,5.217335069359978,13.597867083922443,-19.937604529356097,-11.870469351764717,30.36270402511215,36.118714697436964,30.353638538352808,40.367963488284865,-32.50056006400793,-24.32337099241154,36.67048582469972,43.35296451353311,-38.77797750577903,-28.301387227859724
0.5215215215215215,5.2207693737311045,14.686141623778653,-19.943367115127252,-13.554749712572123,30.386394413905432,38.76109298993545,-26.216930407047258,-19.782100126615948,5.217323061333597,13.666950493797197,-19.937536680284364,-11.807784201074167,30.36270731456299,36.17350436755099,30.353638496636023,40.433571791484376,-32.500533486305116,-24.25908156324635,36.670278964064096,43.43083518961169,-38.777970715490675,-28.24144255610213
0.5225225225225225,5.220737315649633,14.7609694536966,-19.94324289472255,-13.486036451728836,30.386342110718513,38.81535455919924,-26.216858129945884,-19.71629870703719,5.217311328656683,13.737132216362335,-19.93746927305434,-11.745124391912228,30.362709884193972,36.23048682549219,30.35363873971299,40.49750496111813,-32.50050694310043,-24.19381946289118,36.6700745828436,43.51016445972633,-38.7779635009736,-28.18235728509015
0.5235235235235235,5.220705665028244,14.835668250012253,-19.94312035224533,-13.415293105736385,30.386289777287654,38.87108836706815,-26.216786777306915,-19.649299526732708,5.217299865125829,13.808319050273976,-19.93740230668367,-11.682474546500526,30.36271175478027,36.28978909733411,30.35363925174945,40.55973417208163,-32.50048043282458,-24.127593890111488,36.6698726512678,43.59062467134462,-38.77795587620016,-28.1241026322305
0.5245245245245245,5.220674415570761,14.909969829571098,-19.942999456501205,-13.342633930144338,30.386237412525773,38.928432981858755,-26.216716331265015,-19.581128437954522,5.217288664680381,13.880389416982243,-19.93733578009059,-11.619818868842382,30.362712946551895,36.35152060559696,30.35364001745404,40.620260440621614,-32.50045395398142,-24.060427560485383,36.66967313979151,43.67185189319254,-38.777947854757535,-28.0666413002126
0.5255255255255256,5.2206435611468756,14.983612847347947,-19.94288017691961,-13.268207784334681,30.38618501545757,38.987512387998805,-26.21664677437237,-19.511818216199977,5.2172777213992605,13.95319200177717,-19.937269692097527,-11.557143591523689,30.362713479207237,36.41576877601505,30.35364102206371,40.679114674826465,-32.50042750514621,-23.992359694030327,36.66947601909718,43.753455975774465,-38.77793944985752,-28.009925553816892
0.5265265265265265,5.2206130957860335,15.056352846469983,-19.94276248354132,-13.192197037163062,30.38613258521592,39.04843134512916,-26.216578089588054,-19.441411291198808,5.217267029497859,14.026546248087854,-19.937204041434622,-11.494439016676061,30.36271337192632,36.48259402117296,30.35364225132933,40.73635732312619,-32.50040108496383,-23.92344854813655,36.66928126009708,43.835032684063044,-38.7779306743461,-27.9538952232515
0.5275275275275275,5.220583013671535,15.127971629414798,-19.94264634700623,-13.114815313881666,30.386080121038265,39.111270354945056,-26.21651026026765,-19.369962927220694,5.217256583324992,14.100245002793732,-19.937138826743187,-11.431701016459698,30.362712643383723,36.552024118195476,30.353643691501706,40.79207761628605,-32.50037469214707,-23.853773258159137,36.669088833935355,43.91617714931988,-38.777921540712825,-27.89847580381569
0.5285285285285285,5.220553309134835,15.19828518737678,-19.942531738541344,-13.036304061067472,30.38602762226314,39.17608042452118,-26.21644327015312,-19.297544560048625,5.217246377359912,14.174059415580377,-19.937074046579063,-11.368931907939098,30.362711311761256,36.624048090491,30.35364532931787,40.846392400636034,-32.500348325474874,-23.783434775558618,36.66889871198991,43.9964977171694,-38.77791206109992,-27.843576799784916
0.5295295295295295,5.220523976650037,15.267149610508874,-19.94241862994898,-12.956927982643345,30.385975088326777,39.242877919285746,-26.21637710336296,-19.22424693407637,5.217236406209384,14.247745957232981,-19.937009699415935,-11.306140668551027,30.36270939476029,36.698609843538,30.353647151987698,40.89944456913564,-32.50032198379067,-23.712555732652746,36.66871086587419,44.075629211403545,-38.77790224731123,-27.789090431145414
0.5305305305305306,5.22049501082859,15.334464670801466,-19.942306993595217,-12.876969478853953,30.385922518759767,39.311639908701224,-26.21631174438259,-19.15018264939946,5.217226664604819,14.321055173490423,-19.93694578364855,-11.243342503288662,30.36270690961384,36.77560198539546,30.353649147180747,40.951401109676844,-32.500295666000675,-23.641279109212235,36.6685252674388,44.15324469834052,-38.77789211082093,-27.73489079314315
0.5315315315315315,5.220466406414157,15.400175064275608,-19.94219680239857,-12.796722293088898,30.385869913183832,39.3823005051598,-26.216247178054974,-19.075487731476418,5.217217147399466,14.393741573120941,-19.936882297595883,-11.180557806671116,30.36270387309837,36.8548604618184,30.35365130301352,41.00245080303353,-32.50026937107225,-23.56976562668482,36.66834188877296,44.22906501248645,-38.77788166278202,-27.680833538203824
0.5325325325325325,5.220438158277676,15.464269559086313,-19.942088029818837,-12.716484629849633,30.385817271308664,39.45474875613905,-26.216183389571498,-19.000321876779488,5.217207849565659,14.465573899695102,-19.936819239504203,-11.11781057913805,30.362700301545292,36.93616081402221,30.3536536080369,41.0528016125305,-32.50024309803226,-23.498189852180104,36.66816070220586,44.30286555877266,-38.77787091403466,-27.626756142537804
0.5335335335335335,5.220410261412594,15.526778473805543,-19.941980649846208,-12.636552042880727,30.385764592928833,39.528828641165106,-26.21612036446305,-18.924867104953396,5.217198766192123,14.536344982996575,-19.9367566075501,-11.055126362129553,30.36269621085225,37.01921697059216,30.35365605122392,41.10267781163716,-32.50021684596544,-23.42673506202326,36.66798168030793,44.37448019635301,-38.77785987511425,-27.57247882584527
0.5345345345345345,5.22038271093027,15.587769983371835,-19.941874636990544,-12.557210400539608,30.38571187792079,39.60434162064557,-26.216058088591385,-18.84932465692859,5.217189892481334,14.605880416525235,-19.936694399843432,-10.992529757699012,30.36269161649409,37.103683455787376,30.35365862195782,41.152316894042485,-32.50019061401284,-23.35558700056483,36.66780479589188,44.443802288968094,-38.777848556259386,-27.517806206701014
0.5355355355355356,5.220355502055547,15.647345724581694,-19.941769966270886,-12.478729215837427,30.38565912623994,39.68105196790303,-26.215996548140648,-18.773910113275534,5.217181223746932,14.674045450260547,-19.936632614430177,-10.93004160868818,30.3626865335336,37.189161688827966,30.35366131002035,41.201966304902335,-32.50016440137022,-23.28492677701567,36.66763002201372,44.510783239863194,-38.77783696741955,-27.462529788681078
0.5365365365365365,5.220328630122486,15.705636076633047,-19.94166661320515,-12.40135558656163,30.385606337917753,39.75869479792963,-26.215935729609143,-18.69884686047707,5.21717275541119,14.740749694462064,-19.936571249295262,-10.867675943876915,30.36268097663201,37.27521064970796,30.353664105580364,41.25188002449205,-32.50013820728653,-23.2149232648224,36.66745733197359,44.575428991308726,-38.777825118262705,-27.406431371504002
0.5375375375375375,5.220302090570255,15.762795364957418,-19.94156455380003,-12.325308935475848,30.385553513059016,39.83698632806138,-26.215875619801324,-18.624358194629966,5.217164483002531,14.805949463816757,-19.9365103023653,-10.805436841627246,30.36267496005922,37.36136163382488,30.35366699918268,41.30231502912968,-32.50011203106238,-23.14572548542219,36.667286699316534,44.63779505148893,-38.7778130181826,-27.349287457495713
0.5385385385385385,5.220275878939169,15.818997117819368,-19.941463764541098,-12.250776681368842,30.385500651839088,39.91563553911674,-26.21581620581997,-18.550658507608468,5.2171564021530985,14.869647815024152,-19.936449771511253,-10.743315427682518,30.362668497703787,37.447136202334626,30.35366998173717,41.3535276508585,-32.500085872048516,-23.077455541868186,36.66711809783314,44.69798062019596,-38.777800676306015,-27.290874671665577
0.5395395395395395,5.220249990866884,15.874429423662647,-19.94136422238308,-12.177910915853914,30.38544775450127,39.99435613809871,-26.215757475058577,-18.477944129783612,5.217148508596383,14.931892515906577,-19.936389654551053,-10.681287280842428,30.362661603082696,37.53206588890055,30.353673044508152,41.40576985772664,-32.50005972964437,-23.010202686868606,36.66695150156004,44.7561223342086,-38.77778810149975,-27.230976135640223
0.5405405405405406,5.220224422084726,15.929290405120849,-19.941265904740348,-12.106826111516677,30.38539482135421,40.07287763181299,-26.215699415193935,-18.40638448274807,5.217140798164887,14.992772312982702,-19.93632994925214,-10.619310552852157,30.36265428935089,37.61571188086557,30.353676179104,41.45928548025382,-32.5000336032966,-22.944019043643312,36.66678688478038,44.812388062778325,-38.777775302377464,-27.169388640233226
0.5415415415415415,5.220199168414169,15.983783838207213,-19.941168789477576,-12.037597844060082,30.385341852769397,40.150954442008214,-26.215642014178925,-18.33611420470154,5.217133266787848,15.05241193195228,-19.936270653333953,-10.557325098253795,30.36264656931056,37.69768284657144,30.353679377467,41.51430641587952,-32.50000749249766,-22.87891734677552,36.66662422202412,44.86697107280053,-38.77776228730637,-27.105930361052682
0.5425425425425425,5.220174225763436,16.038114985318433,-19.941072854900582,-11.970262472866994,30.3852888491787,40.22837230811677,-26.215585260235464,-18.267226840261596,5.217125910489008,15.110966256564064,-19.93621176447034,-10.495252849065823,30.36263845542024,37.77764934705711,30.353682631863467,41.57104885070754,-32.499981396784385,-22.814870857964685,36.666463488068274,44.92008476887504,-38.77774906441375,-27.040448768915603
0.5435435435435435,5.2201495901242385,16.092486756338886,-19.940978079747357,-11.904817690046347,30.385235811071997,40.30495166209094,-26.215529141847664,-18.199770541862243,5.217118725384423,15.168614097431426,-19.93615328029192,-10.432999564498683,30.362629959803648,37.855353782756524,30.35368593487409,41.6297095456102,-32.49995531573662,-22.75181537995983,36.66630465793706,44.97195810850107,-38.77773564159329,-26.972828311540315
0.5445445445445445,5.220125257568645,16.147096343886236,-19.940884443179264,-11.841223818714692,30.38518273899484,40.380548120817046,-26.215473647755157,-18.133746034726304,5.217111707680329,15.225551898347664,-19.93609519838839,-10.370457955019036,30.36262109425835,37.93061545818426,30.3536892793845,41.69046224062771,-32.49992924897585,-22.689653086866276,36.66614770690193,45.0228317059637,-38.77772202651132,-26.902997390554965
0.5455455455455456,5.220101224246063,16.20213248449419,-19.940791924772427,-11.779405719920707,30.385129633546185,40.455050628189824,-26.2154187669466,-18.069106885574765,5.217104853671045,15.281987648780117,-19.936037516310755,-10.307512044956207,30.3626118702642,38.0033309594065,30.353692658576087,41.75345423628574,-32.499903196163885,-22.628257746028776,36.66599261048154,45.07295457515742,-38.77770822661283,-26.83093413134586
0.5465465465465466,5.220077486380348,16.257773473593538,-19.940700504509255,-11.719255157588531,30.38507649537619,40.52837802480495,-26.215364488653353,-18.005761921529412,5.217098159736929,15.338135191076613,-19.93598023157351,-10.24404251793093,30.36260229899156,38.07347051881237,30.35369606591702,41.818803211393444,-32.49987715700152,-22.567480841613673,36.665839344441615,45.122581423406956,-38.7776942491274,-26.75667044631851
0.5475475475475475,5.220054040267025,16.314186011464653,-19.94061016277018,-11.660633474290766,30.385023325184083,40.60047490477888,-26.215310802343307,-17.94357949616473,5.217091622342366,15.394209040092523,-19.93592334165677,-10.179932697144896,30.362592391309345,38.14107133231862,30.353699495153503,41.88659433265695,-32.49985113122727,-22.50715811773891,36.66568788479476,45.17197039397509,-38.777680101074935,-26.680293931448624
0.5485485485485485,5.220030882270617,16.371524886633683,-19.94052088032552,-11.603374447490692,30.384970123716055,40.67130755162102,-26.2152576977149,-17.882393206558103,5.217085238033812,15.450419778357208,-19.935866844008338,-10.115074753041787,30.362582157792875,38.20622889470956,30.35370294030124,41.956877701691866,-32.4998251186161,-22.447116119410833,36.665538207800154,45.22138116024718,-38.77766578927128,-26.60194722119277
0.5495495495495496,5.2200080088220915,16.429933420829574,-19.94043263832752,-11.54728722369427,30.384916891763226,40.740860568547156,-26.215205164691273,-17.822008627072396,5.217079003437871,15.506970054657632,-19.9358107360457,-10.04937570410287,30.362571608731507,38.269087367869815,30.353706395637108,42.02966617164612,-32.499799118978196,-22.387178396571944,36.665390289963206,45.27107329290198,-38.77765132033371,-26.521824567056903
0.5505505505505506,5.2199854164163995,16.489544514683672,-19.940345418302563,-11.492159262608642,30.384863630159668,40.80913458279873,-26.215153193414583,-17.76221063190392,5.217072915259418,15.564051197647565,-19.935755015158005,-9.982762780836671,30.362560754136094,38.32982984905826,30.35370985569104,42.10493355366303,-32.49977313215772,-22.32717112652263,36.665244108035104,45.32130484416847,-38.77763670068624,-26.44016560319232
0.5515515515515516,5.219963101610123,16.550482055565947,-19.94025920214352,-11.43775926009533,30.384810339780483,40.87614515585524,-26.215101774240473,-17.702770915061798,5.2170669702797605,15.621840455506007,-19.93569967870796,-9.915187756805913,30.362549603746288,38.38866921371367,30.35371331523812,42.182613230624,-32.49974715803166,-22.26692798652239,36.665099639012325,45.3723311111364,-38.77762193656487,-26.357246508771688
0.5525525525525525,5.219941061019218,16.61286238848848,-19.94017397210225,-11.383840052817085,30.38475702153992,40.94192281062181,-26.215050897732688,-17.643455370250816,5.217061165354838,15.680498882227491,-19.93564472403367,-9.846629912502545,30.36253816703761,38.44584000712355,30.353716769290862,42.26259721049562,-32.49972119650863,-22.206294164128717,36.66495686013603,45.42440354434953,-38.777607034022616,-26.273369046431288
0.5535535535535535,5.219919291316849,16.676795517378764,-19.94008971078228,-11.330141535203246,30.384703676389552,41.00651392010429,-26.215000554657824,-17.584031053870458,5.217055497413471,15.740169903655318,-19.935590148450455,-9.777097385726064,30.36252645322838,38.50159167302666,30.353720213091705,42.344735689535746,-32.49969524752774,-22.145129428436498,36.664815748891456,45.47776875248268,-38.77759199893449,-26.18884820962476
0.5545545545545546,5.219897789231321,16.742385704039762,-19.9400064011316,-11.276393638035064,30.384650305316516,41.069982104887494,-26.214950735980228,-17.524272514613955,5.217049963455632,15.800978603665298,-19.935535949252586,-9.706626771200828,30.3625144712865,38.55618324377257,30.35372364210566,42.42883725446075,-32.49966931105747,-22.083310207330765,36.66467628300719,45.53266751713653,-38.77757683700231,-26.103999403438774
0.5555555555555556,5.21987655154409,16.809731167721672,-19.939924026435605,-11.22231942626045,30.38459690934176,41.13240976166667,-26.214901432857037,-17.463967327423145,5.21704456055077,15.863031764527006,-19.935482123714987,-9.635280955210124,30.362502229936,38.609879478177994,30.353727052013195,42.51466991990104,-32.49964338709457,-22.02073063400004,36.6645384404544,45.58933367765215,-38.777561553759384,-26.01912617173991
0.5565565565565566,5.219855575087868,16.878922655485226,-19.939842570310223,-11.167638371816691,30.38454348951839,41.19389938324614,-26.21485263663333,-17.40292071364704,5.217039285836161,15.92641866793358,-19.935428669094883,-9.563145299113485,30.36248973766348,38.66294831994145,30.353730438703277,42.60196325080623,-32.499617475663,-21.957302550939055,36.66440219944603,45.6479926839783,-38.777546154575134,-25.934509442798742
0.5575575575575575,5.219834856744803,16.950040743610103,-19.93976201669512,-11.112069847218855,30.38449004693003,41.25457441352145,-26.214804338837443,-17.340959160907104,5.2170341365153,15.991212609763107,-19.9353755826334,-9.490322409787272,30.362477002724372,38.715659462263005,30.35373379826658,42.69041183231642,-32.499591576812854,-21.892954500427216,36.664267538435894,45.70885955998049,-38.77753064465953,-25.850399093967816
0.5585585585585585,5.219814393444741,17.02315183262181,-19.93968234984709,-11.055336871048912,30.38443658268923,41.31457948540742,-26.214756531176363,-17.277932976454466,5.217029109856332,16.057473002450614,-19.93532286155712,-9.41692584733176,30.362464033149035,38.76828374475001,30.3537371269889,42.77968030023416,-32.49956569061935,-21.827629791657813,36.66413443611775,45.772135986098284,-38.77751502906743,-25.76700835726168
0.5595595595595596,5.2197941821635645,17.098302904990078,-19.939603554333555,-10.997170121857124,30.384383097935935,41.37407999174816,-26.214709205531292,-17.213717722272467,5.217024203190506,16.12524784076014,-19.935270503079597,-9.343073213663677,30.36245083674871,38.821093077713186,30.353740421344725,42.86941002644182,-32.499539817181805,-21.761283814580516,36.66400287142432,45.83800621416193,-38.77749931270287,-25.684511245829885
0.5605605605605606,5.219774219921602,17.17551522312563,-19.93952561502621,-10.937312226635774,30.38432959383599,41.43326101996661,-26.21466235395331,-17.14821449863153,5.217019413910677,16.19457620392523,-19.93521850440279,-9.268879132362375,30.36243742112134,38.87436058528257,30.353743677990973,42.95922737889478,-32.499513956622685,-21.693880860077154,36.66387282352622,45.90663158076061,-38.77748350032317,-25.60304283066869
0.5615615615615616,5.219754503782109,17.254777260896137,-19.93944851709478,-10.875522326010797,30.384276071579663,41.49232572943041,-26.214615968659142,-17.08134907695885,5.2170147394698345,16.265490379654825,-19.935166862718525,-9.194448661709133,30.36242379365719,38.92836067815445,30.353746893760903,43.04875327827641,-32.49948810908661,-21.625390790074103,36.66374427183092,45.97814349679502,-38.77746759654292,-25.5227018904448
0.5625625625625625,5.219735030849823,17.33603729359997,-19.939372246000943,-10.811580918671822,30.384222532380257,41.551493263540955,-26.21457004202707,-17.013069942388007,5.217010177379664,16.338017145823034,-19.935115575209817,-9.11987167027009,30.36240996154439,38.98336880254635,30.353750065658176,43.137613596897545,-32.49946227473943,-21.555785961438445,36.66361719598158,46.05263496264211,-38.777451605838,-25.4435552364137
0.5635635635635635,5.219715798269573,17.419196225797343,-19.939296787492335,-10.745294985567456,30.38416897747272,41.610996270619644,-26.21452456659291,-16.94334539446713,5.217005725209144,16.41217775380847,-19.935064639052236,-9.045218641040519,30.362395931774316,39.039660656452,30.353753190851087,43.22544983084182,-32.49943645376729,-21.485038827668703,36.66349157585587,46.13015088746295,-38.777435532549305,-25.36564290248594
0.5645645645645646,5.219696803224963,17.504101408592604,-19.93922212759669,-10.676503379531137,30.38411540811233,41.67107806719863,-26.214479535046152,-16.87215996518967,5.217001380583171,16.487986236666583,-19.93501405141519,-8.970538255409469,30.36238171114678,39.09751071057077,30.353756266666956,43.31192944825854,-32.49941064637576,-21.413120612505352,36.66336739156477,46.210677765886494,-38.77741938088655,-25.28898339095483
0.5655655655655656,5.219678042937111,17.59054236245977,-19.9391482526161,-10.605082427278143,30.384061825573372,41.73198942427928,-26.21443494022617,-16.79951053111458,5.21699714118122,16.565445819593972,-19.93496380946316,-8.895856949590776,30.362367306275193,39.15718991393586,30.35375929058664,43.39675537584569,-32.49938485278893,-21.34000136857827,36.66324462345128,46.29413356155847,-38.77740315493183,-25.21357826308159
0.5665665665665666,5.219659514663445,17.678249428407675,-19.939075149121436,-10.530951621411203,30.384008231147913,41.793984901229194,-26.214390775118517,-16.725402598087275,5.216993004736029,16.644543434041022,-19.93491391035691,-8.821180449303258,30.362352723591492,39.21896249934258,30.353762260239236,43.479674210099844,-32.49935907324859,-21.265651609409893,36.66312325208918,46.380358924276514,-38.7773868586432,-25.1394155343765
0.5675675675675675,5.219641215696565,17.766896349482078,-19.9390028039468,-10.454079182437757,30.383954626144565,41.85731860222812,-26.21434703285139,-16.64984729751563,5.216988969032323,16.72524261649568,-19.934864351254667,-8.746497094241613,30.36233796935102,39.2830818279214,30.353765173396894,43.56048289422692,-32.49933330801338,-21.19004554724111,36.66300325828161,46.469111067104784,-38.777370495858115,-25.06647154558336
0.5685685685685685,5.219623143363142,17.85610756496895,-19.93893120418416,-10.374487158476938,30.3839010118873,41.92223919528193,-26.2143037066921,-16.57285962926805,5.216985031905557,16.807475386252282,-19.934815129313225,-8.67178258451182,30.36232304963723,39.34978522271362,30.353768027969796,43.639033748721815,-32.49930755735795,-21.113165796686097,36.66288462305978,46.56006168112279,-38.77735407029674,-24.994711201859683
0.5695695695695696,5.2196052950228875,17.945470538525306,-19.938860337178077,-10.292255626778442,30.383847389714308,41.98898402327409,-26.21426079004371,-16.49445840202921,5.216981191240697,16.89113401077209,-19.934766241689047,-8.59700563709854,30.362307970366288,39.419287736913695,30.35377082200125,43.715237856181865,-32.499281821572225,-21.035009228996053,36.66276732768153,46.65280010104606,-38.77733758556527,-24.924086679679828
0.5705705705705706,5.219587668067561,18.03455275930185,-19.93879019052052,-10.20752549382278,30.38379376097689,42.0577721612933,-26.214218276441727,-16.414668152025605,5.21697744497102,16.976063835842993,-19.934717685539336,-8.522133948372673,30.36229273729157,39.49177478860959,30.353773553662943,43.78906686733172,-32.49925610096058,-20.955593497068328,36.66265135362989,46.746842516261395,-38.77732104515908,-24.854534875604724
0.5715715715715716,5.2195702599200295,18.122922258058086,-19.93872075204581,-10.12049938283145,30.38374012703835,42.128796346930166,-26.214176159550888,-16.333523073442407,5.216973791076953,17.06205851879229,-19.93466945802302,-8.447139830992034,30.362277356008008,39.56739358721222,30.353776221250317,43.86055331986575,-32.49923039584111,-20.874963611830825,36.66253668261163,46.84164736544674,-38.77730445246583,-24.785974001230493
0.5725725725725725,5.219553068033373,18.21016975170004,-19.938652009825685,-10.031440160987989,30.383686489272996,42.20221384248746,-26.214134433162048,-16.25107269163442,5.216970227584924,17.148858986456982,-19.93462155630175,-8.372004936841604,30.362261831956364,39.646243309930696,30.353778823178065,43.92978956016467,-32.49920470654491,-20.793197853047037,36.66242329655577,46.93663624553107,-38.77728781076847,-24.718299806953343
0.5735735735735735,5.219536089890035,18.29593008125698,-19.93858395216441,-9.940666791870372,30.38363284906508,42.278136488220255,-26.214093091189135,-16.167388691198713,5.216966752566256,17.236157186049905,-19.934573977540847,-8.296723589754874,30.362246170427365,39.728364105545964,30.35378135797577,43.99692534967121,-32.49917903341534,-20.71041225915868,36.66231117761205,47.03121885485745,-38.77727112324819,-24.65138194098737
0.5745745745745746,5.219519323001012,18.379900601724607,-19.938516567594057,-9.848547388683054,30.38357920780783,42.35662047173946,-26.214052127666196,-16.082572024234164,5.216963364136074,17.323605185848592,-19.93452671891021,-8.221304418376619,30.36223037656574,39.81372525358282,30.35378382428366,44.06216423848015,-32.49915337680733,-20.62676297454688,36.66220030814937,47.1248198487336,-38.777254392987274,-24.585060923331472
0.5755755755755756,5.219502764905087,18.461854655344442,-19.938449844869822,-9.755489571433941,30.383525566902517,42.43765664993211,-26.21401153674453,-15.996759222447576,5.216960060452245,17.41082945868264,-19.934479777585175,-8.145770173219754,30.36221445537416,39.90221321250433,30.353786220848477,44.125758805291994,-32.499127737086724,-20.542445842657006,36.662090670754274,47.2169051597459,-38.77723762297187,-24.519146149902735
0.5765765765765766,5.219486413168102,18.54164909782685,-19.9383837729655,-9.661928472778149,30.383471927757487,42.52116256826896,-26.21397131268988,-15.910126765764865,5.21695683971434,17.497449364272782,-19.934433150747424,-8.070155796835225,30.362198411717056,39.99362082111935,30.35378854651948,44.18800489179025,-32.49910211462961,-20.457692814152974,36.661982248229286,47.30700540022821,-38.77722081609471,-24.45341526072286
0.5775775775775776,5.219470265382266,18.619225818496236,-19.938318341068985,-9.56831296489796,30.38341829178732,42.60697754836219,-26.21393144987971,-15.822892447237866,5.2169537001626205,17.58309811065,-19.934386835585716,-7.994504959101228,30.362182250324352,40.08763946862953,30.35379080024456,44.249234990030835,-32.49907650982166,-20.372764979981703,36.66187502359136,47.39473440187879,-38.77720397515777,-24.387615131040533
0.5785785785785785,5.219454319165496,18.694608040300015,-19.938253538577925,-9.475090861186352,30.38336466041192,42.694862252758206,-26.213891942800572,-15.73531292192043,5.216950640077047,17.667443999006945,-19.934340829296733,-7.918865355234415,30.362165975795108,40.18385644056638,30.353792981066434,44.30981096172272,-32.49905092305757,-20.287942331036657,36.66176898007019,47.479801655540946,-38.77718710287477,-24.321464691244536
0.5795795795795796,5.2194385721608,18.76789271130211,-19.938189355095435,-9.382693950342874,30.38331103505571,42.784503880124,-26.21385278604552,-15.64767701383773,5.216947657776319,17.75020966337725,-19.9342951290858,-7.843283103055615,30.36214959260105,40.281759658579176,30.35379508811901,44.37011627135744,-32.499025354740375,-20.203510683215118,36.66166410110663,47.56201823968138,-38.77717020187375,-24.254659749223023
0.5805805805805806,5.219423022035685,18.839240440369196,-19.938125780425914,-9.291523727045925,30.3832574171468,42.87552753243455,-26.213813974311588,-15.56029483875024,5.216944751616925,17.831187328992513,-19.934249732167626,-7.767796602071994,30.362133105089992,40.38075147229096,30.35379712062381,44.430547901954775,-32.49899980528093,-20.11974657668352,36.66156037035094,47.641296608509734,-38.77715327469946,-24.186879956655417
0.5815815815815816,5.219407666481602,18.90886425115853,-19.93806280457093,-9.201938593796939,30.383203808116207,42.96751336503958,-26.21377550239739,-15.473483326808768,5.2169419199922284,17.910248745855174,-19.934204635766985,-7.692430268254556,30.36211651748924,40.480171973835624,30.353799077886507,44.491508100311414,-32.498974275097304,-20.03690132463234,36.66145777166116,47.71764522068914,-38.77713632381571,-24.11779799509145
0.5825825825825826,5.219392503213412,18.97701807863249,-19.93800041772521,-9.114243145392736,30.383150209397108,43.060018050651784,-26.21373736520071,-15.387549234262718,5.216939161331565,17.987349247079788,-19.93415983711939,-7.617188651704944,30.362099833908815,40.57933064926784,30.3538009592936,44.55339607782771,-32.498948764614234,-19.955185677551874,36.6613562891014,47.79115935401034,-38.77711935160771,-24.04709092747411
0.5835835835835835,5.219377529968894,19.043985574077904,-19.93793861027271,-9.028679944925203,30.383096622424095,43.15259814478518,-26.213699557716215,-15.302771143760161,5.2169364740993664,18.062526156289675,-19.934115333471738,-7.542051556706474,30.36208305834464,40.67754344284761,30.353802764309133,44.616599780329935,-32.4989232742626,-19.87475668689605,36.66125590694009,47.86200955922462,-38.77710236038432,-23.974453453809822
0.5845845845845846,5.219362744508266,19.110069534601624,-19.93787737278276,-8.945423990327063,30.383043048632477,43.244832445453966,-26.2136620750332,-15.219382191036871,5.2169338567943075,18.135892380928905,-19.934071122082894,-7.466970855586949,30.36206619468164,40.77417100276477,30.353804492471543,44.681487837528856,-32.498897804478894,-19.795708212668824,36.66115660964832,47.93042909757212,-38.77708535238016,-23.899612542134967
0.5855855855855856,5.219348144613741,19.17558217038204,-19.937816696006283,-8.864579874660004,30.38298948945757,43.33634060123727,-26.2136249123334,-15.137555257179832,5.216931307948467,18.20762640072024,-19.93402720022432,-7.391869650961914,30.36204924669676,40.86865344089493,30.35380614339062,44.748401806531064,-32.49887235570471,-19.718066100930887,36.66105838189801,47.99670145154742,-38.77706832975781,-23.822342619167905
0.5865865865865866,5.219333728089103,19.240836434100526,-19.93775657087213,-8.786181472603314,30.382935946334072,43.426796032627045,-26.21358806488887,-15.057392104521284,5.216928826126515,18.277959983944037,-19.933983565180583,-7.316644255027334,30.36203221806189,40.960537543929576,30.35380771674451,44.81764882800227,-32.498846928386286,-19.641788429179904,36.66096120856025,48.06114867500643,-38.77705129460983,-23.74248025171535
0.5875875875875876,5.21931949275931,19.3061386880841,-19.937696988483427,-8.710193846730615,30.3828824206954,43.51593245644301,-26.21355152805992,-14.97891744590788,5.216926409924915,18.347164882451025,-19.933940214249944,-7.241169132251844,30.36201511234673,41.04949383134423,30.35380921227685,44.88949481162289,-32.49882152297398,-19.566770526682745,36.66086507470348,48.12412102558152,-38.777034248960774,-23.659937077525697
0.5885885885885885,5.219305436470118,19.37178300158191,-19.937637940114076,-8.636516967896176,30.38282891397308,43.603544572899665,-26.213515297293085,-14.902078317545719,5.216924057971152,18.415539540514388,-19.93389714474481,-7.165304555569838,30.361997933021545,41.13532270910822,30.35381062979399,44.96415825401423,-32.49879613992185,-19.492853890734878,36.66076996559175,48.18598804969993,-38.77701719476917,-23.574709686127367
0.5895895895895896,5.219291557087721,19.43804730775606,-19.937579417205264,-8.564990793111235,30.382775427596147,43.68948443990451,-26.213479368119177,-14.826748502922147,5.216921768922972,18.48339657825899,-19.933854353992277,-7.088906341162995,30.361980683459905,41.217950693932146,30.353811969162287,45.04180476435756,-32.49877077968721,-19.419837760658506,36.66067586668293,48.24713109651792,-38.777000133929384,-23.486885226979236
0.5905905905905906,5.219277852498421,19.50519149950831,-19.937521411362074,-8.495401247083251,30.38272196299059,43.773655514756136,-26.21344373615138,-14.752737246215993,5.216919541467643,18.551051541075797,-19.933811839334556,-7.011836728097263,30.36196336694128,41.2974188978716,30.35381323030545,45.12254233178208,-32.49874544273018,-19.347492015900617,36.660582763626934,48.307937128406195,-38.77698306827348,-23.39664174879733
0.5915915915915916,5.219264320608309,19.57345732766625,-19.937463914350165,-8.427486707643325,30.382668521578772,43.85600627222278,-26.21340839708338,-14.679801168387844,5.2169173743212385,18.61881318539211,-19.93376959812942,-6.933975300980153,30.36194598665364,41.3738665239097,30.35381441320206,45.206417322916806,-32.49872012951329,-19.27557018743546,36.66049064226392,48.36879365977999,-38.77696599957304,-23.3042426603453
0.5925925925925926,5.219250959342967,19.6430697237865,-19.937406918092528,-8.3609446888864,30.38261510477891,43.93652484043464,-26.213373346687575,-14.607658170684124,5.216915266227931,18.686975419302915,-19.933727627750635,-6.855228828647329,30.36192854569592,41.44751210154163,30.353815517883067,45.2934111663805,-32.49869484050105,-19.203821620938,36.66039948862253,48.43008466593597,-38.776948929540886,-23.21002524449522
0.5935935935935935,5.219237766647188,19.714238947801263,-19.937350414666284,-8.29543853052579,30.38256171400458,44.015235431985275,-26.213338580813307,-14.536002146887558,5.2169132159593055,18.75581093464918,-19.93368592558835,-6.775538999019242,30.361911047080447,41.51863477552902,30.35381654442943,45.383437690649444,-32.49866957615961,-19.13200211101672,36.66030928891802,48.49218732395264,-38.776931859832786,-23.114383816404057
0.5945945945945946,5.219224740484712,19.787162800199695,-19.937294396299585,-8.230604017043875,30.38250835066418,44.09219668335118,-26.213304095385155,-14.46451747418683,5.216911222313695,18.825566540238505,-19.93364448904947,-6.694887246289677,30.36189349373533,41.5875573530714,30.353817492969817,45.4763411600815,-32.498644336956325,-19.059882571141944,36.660220029550565,48.55546944408086,-38.77691479204912,-23.017748809802274
0.5955955955955956,5.219211878837975,19.8620280721749,-19.937238855368552,-8.166055947233623,30.382455016160492,44.167501497676966,-26.21326988640126,-14.392892458191438,5.216909284115526,18.896460208352774,-19.933603315558017,-6.61329616101574,30.361875888506727,41.65463216934154,30.353818363678354,45.57189521285826,-32.49861912335946,-18.987255485837714,36.66013169710334,48.62028739815973,-38.77689772773648,-22.92056367826837
0.5965965965965966,5.219199179707876,19.939010451517888,-19.93718378439428,-8.101394740528793,30.382401711890203,44.24127769185245,-26.213235949931715,-14.320831124069802,5.216907400214681,18.96867984684,-19.933562402555467,-6.530827311636263,30.36185823416109,41.720230241072024,30.353819156772488,45.66980312373468,-32.49859393583779,-18.91393901708678,36.66004427834079,48.68698424583402,-38.77688066838924,-22.823261873217778
0.5975975975975976,5.219186641113552,20.018272251969012,-19.93712917603992,-8.036213195209855,30.38234843924348,44.313688687814896,-26.21320228211698,-14.248062938508193,5.21690556948588,19.04238377466998,-19.93352174750106,-6.447575652090539,30.361840533387348,41.784733687039946,30.353819872510886,45.76970003251799,-32.498568774860274,-18.83977873492929,36.6599577602068,48.755887616753625,-38.77686361545107,-22.72624619856509
0.5985985985985985,5.219174261092177,20.09995756415493,-19.937075023107827,-7.970103507539894,30.382295199603533,44.38493361382047,-26.213168879166354,-14.174350195449387,5.216903790828078,19.11770278382964,-19.933481347872117,-6.363661014280839,30.361822788799017,41.848531020388556,30.353820511191422,45.87115790445768,-32.498543640895754,-18.7646470492645,36.65987212982287,48.82730676477223,-38.776846570316415,-22.62987250408854
0.5995995995995996,5.21916203769876,20.1841847018778,-19.93702131853672,-7.902664630746634,30.382241994346217,44.45524641417228,-26.21313573735646,-14.0994928992058,5.216902063163871,19.194743503812013,-19.9334412011643,-6.279217464823882,30.36180500293626,41.912014665714004,30.35382107314922,45.973693930192596,-32.49851853441262,-18.688440564331408,36.65978737448634,48.90152811741306,-38.776829534331945,-22.534439014386084
0.6006006006006006,5.219149969005965,20.271036108778624,-19.936968055398967,-7.833510015066097,30.38218882483963,44.524893818390574,-26.21310285302981,-14.023331049190874,5.216900385438923,19.273592559254517,-19.93340130489188,-6.194381528474252,30.361787178267893,41.975579920619566,30.35382155875476,46.07678278214188,-32.49849345587851,-18.61107576708534,36.65970348166856,48.97880864959805,-38.77681250879794,-22.440181725627102
0.6016016016016016,5.219138053103935,20.360546187688982,-19.936915226897884,-7.7622757417311,30.38213569244377,44.59417222225033,-26.21307022259336,-13.945744307012658,5.216898756621409,19.354320766829883,-19.933361656588,-6.10928043073198,30.361769317193325,42.0396245547193,30.353821968412056,46.179872648524295,-32.498468405760036,-18.5324836759712,36.65962043901307,49.059366553532485,-38.776795494969654,-22.34727540984031
0.6026026026026026,5.219126288100128,20.45268783272719,-19.936862826365104,-7.688629053881128,30.382082598510134,44.66340364336746,-26.21303784251716,-13.866649151019573,5.216897175701461,19.43698641769904,-19.93332225380488,-6.024021567109318,30.36175142204447,42.10454829675807,30.353822302556896,46.2824043729452,-32.4984433845225,-18.452604272738455,36.65953823433383,49.14336897862737,-38.77677849405865,-22.255839016358205
0.6036036036036035,5.219114672119166,20.547358808326553,-19.93681084725799,-7.612277289134938,30.3820295443814,44.73293092569989,-26.213005709332982,-13.785993824447393,5.216895641690644,19.52163660836668,-19.933283094114053,-5.9386843385817265,30.361733495087588,42.170751573815984,30.35382256165513,46.38383249216132,-32.498418392629624,-18.371381660852077,36.6594568556134,49.230917078646804,-38.77676150723405,-22.165943779330313
0.6046046046046046,5.219103203302689,20.644369538798937,-19.93675928315713,-7.532977206807991,30.381976531391093,44.80311229791585,-26.212973819633028,-13.703751658376639,5.21689415362143,19.60830567505348,-19.933244175106537,-5.853315281198063,30.361715538525058,42.238633006153385,30.353822746201025,46.483646633523065,-32.49839343054328,-18.288760892555793,36.65937629100114,49.3220292068737,-38.776744535623834,-22.07762218717219
0.6056056056056056,5.219091879809218,20.74343430227365,-19.936708127763843,-7.45054464089891,30.38192356086327,44.87431527048758,-26.212942170068636,-13.619913657467858,5.216892710546697,19.697010084544722,-19.933205494393047,-5.767927065228902,30.36169755449715,42.308585302874995,30.35382285671567,46.58139168784193,-32.49836849872328,-18.204687262421608,36.65929652881142,49.41662379121449,-38.776727580316006,-21.990876128762462
0.6066066066066066,5.219080699814026,20.8441681386033,-19.936657374897777,-7.36486426712438,30.38187063411222,44.9469097189735,-26.21291075734905,-13.534481500566875,5.216891311539232,19.787739631537285,-19.933167049604137,-5.682501480367555,30.36167954508372,42.380989329833184,30.353822893745456,46.6766854012339,-32.498343597627105,-18.119108590884917,36.65921755752183,49.514504101795694,-38.7767106423598,-21.905682927239326
0.6076076076076076,5.2190696615090175,20.946091779619223,-19.936607018494534,-7.2758990443253975,30.381817752442178,45.02125987785077,-26.21287957824021,-13.447462243820736,5.216889955691253,19.880445450382403,-19.933128838390378,-5.596996020688985,30.361661512305844,42.45620621918857,30.35382285786057,46.76923243854771,-32.4983187277097,-18.031980653520257,36.659139365771395,49.61534764093169,-38.77669372276683,-21.821998499682703
0.6086086086086087,5.2190587631026135,21.048646367567308,-19.93655705260334,-7.18369861418686,30.38176491714703,45.09771489067509,-26.212848629563553,-13.358865947942741,5.216888642113941,19.97502610341236,-19.93309085842246,-5.511353210895358,30.361643458127432,42.53456744932528,30.353822749653585,46.85883443184549,-32.498293889423245,-17.94327549422558,36.6590619423588,49.718703043197735,-38.77667682251219,-21.739757435193805
0.6096096096096096,5.219048002819642,21.151218507293176,-19.93650747138479,-7.0884056922319925,30.3817121295101,45.17659756012547,-26.212817908194893,-13.268707143570026,5.216887369936979,20.071313765353835,-19.933053107391373,-5.425511444263003,30.361625384456804,42.61636284088245,30.353822569738067,46.945395924550176,-32.49826908321696,-17.852991930282947,36.658985276240585,49.82399698093822,-38.77665994253554,-21.658870285181496
0.6106106106106106,5.219037378901237,21.253174382874647,-19.93645826910861,-6.9902593443178,30.381659390803836,45.25819105109292,-26.21278741106327,-13.177010503293111,5.216886138308114,20.16906314775224,-19.93301558300847,-5.339415888996778,30.361607293148193,42.7018264083455,30.35382231874725,47.02892638994973,-32.4982443095369,-17.76116714559052,36.65890935652942,49.930552527386915,-38.77664308374217,-21.57921876110274
0.6116116116116116,5.219026889604739,21.35389964074636,-19.936409440151483,-6.8895940819055355,30.381606702289627,45.34272355792608,-26.21275713514989,-13.083820358514929,5.216884946392718,20.26794611227238,-19.932978283005593,-5.25302800166956,30.361589186003226,42.79112003905844,30.353821997332748,47.109538636622084,-32.49821956882577,-17.6678879125207,36.65883417249232,50.03761881445851,-38.776626247004025,-21.50064981513044
0.6126126126126126,5.219016533203605,21.452840116816766,-19.93636097899492,-6.786833945471137,30.381554065217554,45.430351380928116,-26.212727077487013,-12.989212884981635,5.21688379337337,20.36755469547483,-19.932941205135155,-5.16633237927774,30.361571064772367,42.88431515728517,30.353821606163333,47.18744395378282,-32.498194861522734,-17.57329973796664,36.65875971354889,50.1444099300972,-38.77660943316067,-21.422969729885647
0.6136136136136137,5.219006307987319,21.54953789129054,-19.936312880223166,-6.682481151036961,30.381501480826177,45.52114146690203,-26.212697235156977,-12.893309025869494,5.21688267844944,20.46741435195688,-19.932904347170226,-5.079340066373783,30.361552931156307,42.98137301124308,30.353821145923725,47.26294435462292,-32.49817018806326,-17.47761216459103,36.658685969269584,50.25014928154306,-38.7765926430203,-21.345939363408675
0.6146146146146146,5.218996212261308,21.643657918538104,-19.93626513852116,-6.577099395684165,30.38144895034234,45.61505519813279,-26.21266760529114,-12.796285691755086,5.216881600836693,20.567007627687964,-19.932867706904577,-4.992087946670445,30.36153478680733,43.08212508949526,30.353820617313453,47.336422291163146,-32.49814554887895,-17.381098635848435,36.65861292937396,50.35411456336453,-38.776575877360635,-21.269271596805513
0.6156156156156156,5.218986244346865,21.735002418672497,-19.936217748672515,-6.47129249190385,30.381396474980967,45.71193592322778,-26.21263818506891,-12.698382625567676,5.216880559766897,20.665806467371265,-19.932831282152755,-4.904634384097005,30.361516633330627,43.186256369090614,30.353820021045752,47.40832825520759,-32.498120944397385,-17.284089780484152,36.65854058372894,50.455678307979284,-38.77655913692986,-21.19263184742934
0.6166166166166166,5.218976402581068,21.823512687646325,-19.936170705557583,-6.365679558245795,30.381344055944897,45.81150317352577,-26.21260897171679,-12.599902642277316,5.216879554487439,20.763309442828774,-19.932795070750128,-4.817051721850096,30.36149847228559,43.293295317767495,30.3538193578465,47.479166731588975,-32.498096375041975,-17.186959670371966,36.65846892234712,50.554339792184884,-38.77654242244751,-21.1156422893083
0.6176176176176176,5.218966685316709,21.909260170842998,-19.936124004151527,-6.260868449010547,30.381291694424696,45.91335639588792,-26.212579962507427,-12.50120374780193,5.216878584260959,20.859078945852705,-19.932759070552898,-4.729416527935265,30.361480305187055,43.40261527086045,30.353818628453187,47.5494810036976,-32.49807184123182,-17.090105498282963,36.65839793538501,50.649745596546374,-38.77652573460533,-21.037890206277034
0.6186186186186187,5.218957090922227,21.99242994296819,-19.936077639522416,-6.1574293643913105,30.38123939159851,46.01699008913601,-26.212551154758707,-12.40268280661725,5.216877648364989,20.95277323634737,-19.93272327943814,-4.641798603874154,30.36146213350653,43.51345134406703,30.35381783361393,47.61983730761411,-32.498047343381586,-16.99392212437257,36.658327613141374,50.74169796922341,-38.776509074068095,-20.958940695184268
0.6196196196196196,5.218947617781631,22.073299975380134,-19.936031606829413,-6.0558705769191326,30.3811871486319,46.12182039645407,-26.212522545832865,-12.304751778123112,5.2168767460915975,21.044169234154488,-19.932687695303812,-4.554249835084247,30.36144395867335,43.624935002141754,30.353816974086545,47.690808791756446,-32.49802288190136,-16.89877392601084,36.658257946055485,50.83015190002997,-38.77649244147444,-20.87835369064441
0.6206206206206206,5.218938264294445,22.15221900968594,-19.93598590132095,-5.956617937134247,30.381134966677713,46.227220789971824,-26.212494133135618,-12.207808846671252,5.216875876747052,21.133173763132316,-19.932652316068765,-4.466794047239425,30.36142578207586,43.73614491874974,30.35381605063761,47.76295968298147,-32.49799845719657,-16.804967163310145,36.65818892470549,50.91520311801162,-38.77647583743765,-20.795704929017976
0.6216216216216216,5.218929028875634,22.22958497175079,-19.93594051833299,-5.859999347855658,30.381082846875945,46.33256219299076,-26.21246591411529,-12.112207784611828,5.216875039651481,21.219823037244495,-19.93261713967273,-4.37941915137294,30.3614076050625,43.846168711851846,30.353815064041612,47.83683000860206,-32.497974069667826,-16.712726393865953,36.6581205398067,50.997069905529216,-38.776459262546425,-20.71060996580001
0.6226226226226226,5.218919909955549,22.305825087644987,-19.935895453287255,-5.766234826186087,30.38103079035361,46.43725159867928,-26.212437886262027,-12.018229387425725,5.216874234138554,21.304271963891452,-19.932582164076308,-4.292072904053621,30.36138942894291,43.95416692644461,30.353814015080097,47.9129211850777,-32.497949719710846,-16.622178117159393,36.658052782209936,51.07607167663222,-38.776442717365605,-20.622749740305913
0.6236236236236237,5.2189109059798655,22.381378414245276,-19.93585070168956,-5.6754322040308285,30.380978798224632,46.54076358487393,-26.212410047106964,-11.926058652371141,5.216873459555159,21.386775971147344,-19.932547387260954,-4.20466341281186,30.361371254989,44.05942957403006,30.353812904540867,47.991682749705014,-32.49792540771636,-16.533343756811536,36.65798564289986,51.152606844596214,-38.77642620243693,-20.531895559675206
0.6246246246246246,5.218902015409521,22.456681334130582,-19.935806259128153,-5.587588022968715,30.38092687158974,46.64266107456187,-26.212382394221432,-11.835770524580255,5.2168727152611,21.467668452357877,-19.932512807228942,-4.117064978967585,30.36135308443594,44.16141713893021,30.353811733217206,48.0735004631143,-32.49790113407,-16.446142519443857,36.65791911299336,51.22713182087463,-38.77640971827971,-20.43793090992932
0.6256256256256256,5.218893236720658,22.532156500498346,-19.935762121272074,-5.502592805291943,30.380875011536357,46.742604536236165,-26.212354925216204,-11.74732567934832,5.216872000628793,21.547336692556847,-19.93247842200333,-4.029129042269793,30.361334918483184,44.2597816290888,30.35381050190714,48.15868593110431,-32.49787689915223,-16.36040303841034,36.657853183737885,51.30014225983081,-38.776393265391555,-20.340867341193455
0.6266266266266266,5.218884568404568,22.608205563022892,-19.935718283869576,-5.420239662183901,30.380823219138527,46.84035150008667,-26.21232763774074,-11.660576271227377,5.216871315042979,21.62619853814332,-19.93244422962792,-3.9406990731810803,30.36131675829544,44.3543676057257,30.35380921141272,48.247467779854595,-32.49785270333826,-16.27588147630799,36.65778784650984,51.372157049242794,-38.77637684424896,-20.240851911590855
0.6276276276276276,5.2188760089676345,22.685205668221073,-19.935674742746563,-5.340235148231018,30.380771495456816,46.93574991277984,-26.212300529482444,-11.575280222550914,5.216870657900431,21.704681345103406,-19.932410228167196,-3.8516274983732233,30.361298605003597,44.44519674586981,30.35380786253935,48.339984284950695,-32.497828546997965,-16.192283191265215,36.65772309281297,51.443705124721596,-38.776360455308016,-20.138164344887965
0.6286286286286287,5.218867556931275,22.763509236852016,-19.935631493805055,-5.262211379416405,30.38071984153824,47.02872913833052,-26.212273598165968,-11.491121712824103,5.216870028609687,21.7832040837279,-19.932376415706283,-3.7617923321485165,30.36128045970567,44.53244152774604,30.35380645609513,48.43627724492801,-32.497804430495826,-16.109285160993174,36.657658914276766,51.51531495584267,-38.77634409900502,-20.033203139310306
0.6296296296296297,5.218859210831886,22.84344598789532,-19.9355885330217,-5.185738660464814,30.380668258416204,47.11929157106646,-26.21224684155249,-11.407735160107036,5.216869426590773,21.86216299506192,-19.932342790350862,-3.671111193140951,30.36126232346767,44.61639399345827,30.35380499289022,48.53628687347404,-32.497780354190866,-16.026556887120027,36.65759530265486,51.58750644967805,-38.77632777575708,-19.926461267466685
0.6306306306306306,5.2188509692207905,22.925325742027994,-19.935545856446307,-5.1103381558339604,30.380616747110427,47.20750641754703,-26.212220257439046,-11.324730089858841,5.216868851274942,21.941920908750806,-19.93230935022713,-3.579550773620342,30.36124419732449,44.69743467633756,30.353803473736257,48.6398476390877,-32.49775631843659,-15.943778189249485,36.657532249823475,51.66078494907876,-38.77631148596269,-19.818493641230884
0.6316316316316316,5.218842830664176,23.009440314147845,-19.935503460200405,-5.035494419741861,30.380565308626903,47.293505812565265,-26.212193843657868,-11.241714707264991,5.216868302104419,22.022800201590563,-19.932276093481665,-3.4871304892076305,30.361226082280712,44.77600528312895,30.353801899445788,48.746685353097284,-32.49773232358095,-15.86065292891936,36.65746974777983,51.735636881336866,-38.77629523000231,-19.709879890198124
0.6326326326326326,5.218834793743045,23.096062857221,-19.935461340475847,-4.9606678183041,30.380513943957837,47.37748246636605,-26.21216759807572,-11.158316547154241,5.216867778532151,22.105079318545695,-19.932243018281422,-3.3939198328994356,30.361207979311473,44.8525870948753,30.3538002708317,48.856416357818084,-32.49770836996625,-15.77691818734144,36.65740778864061,51.81252639403646,-38.77627900823896,-19.601186879071964
0.6336336336336337,5.218826857053154,23.185443341935454,-19.935419493533416,-4.885306998454641,30.38046265408162,47.45968764908722,-26.212141518593267,-11.074199120373553,5.216867280021567,22.18899269546613,-19.932210122813583,-3.300029759869631,30.361189889363235,44.92768560758507,30.353798588706727,48.96855023867835,-32.49768445792914,-15.692348778847332,36.65734636464043,51.89189202028119,-38.7762628210187,-19.49293548981521
0.6346346346346347,5.218819019204961,23.277799379960914,-19.935377915701498,-4.808861581239635,30.380411439962767,47.540428432956546,-26.212115603144458,-10.989073911192152,5.216866806046339,22.274733729618017,-19.932177405285493,-3.205599144601049,30.361171813354563,45.00182082623004,30.353796853882923,49.082497823181065,-32.49766058780058,-15.606757297411272,36.65728546813029,51.974142129073776,-38.776246668671185,-19.385575417916343
0.6356356356356356,5.218811278823569,23.373302227313726,-19.935336603374736,-4.7307952088428395,30.380360302551924,47.62006352535957,-26.2120898496959,-10.902707383574759,5.21686635609015,22.36246009823297,-19.932144863924552,-3.1107779309010395,30.36115375217688,45.07552190166228,30.35379506717121,49.1975860783472,-32.497636759905795,-15.519990249547329,36.65722509157607,52.059647759146955,-38.77623055151019,-19.27947021726632
0.6366366366366366,5.218803634548666,23.472058465342393,-19.935295553012757,-4.650599003602696,30.38030924278581,47.698997497689916,-26.2120642562463,-10.814922878716889,5.216865929646477,22.45230025639303,-19.93211249697811,-3.015709018603522,30.361135706695215,45.14932444512605,30.353793229380916,49.313080750280825,-32.497612974564234,-15.431921253321752,36.65716522755703,52.14873152547674,-38.77621446983409,-19.17489292360333
0.6376376376376376,5.2187960850344695,23.57408853883771,-19.93525476113889,-4.567805450996192,30.380258261587215,47.777673561490346,-26.21203882082585,-10.725597540897251,5.216865526218368,22.54435946639137,-19.93208030271337,-2.920511172545101,30.361117677748883,45.22376881130517,30.353791341319347,49.42821631204965,-32.49758923208956,-15.342442729836979,36.65710586876431,52.24165171217623,-38.7761984239263,-19.07203074314757
0.6386386386386387,5.2187886289496666,23.67930408215876,-19.935214224338907,-4.482002714822096,30.38020735986499,47.85656517689674,-26.212013541495676,-10.634654802279373,5.216865145318229,22.638723394252132,-19.932048279417263,-2.8252652439714296,30.3610996661522,45.29939782147843,30.35378940379137,49.542231340641166,-32.49756553278963,-15.251457861817707,36.65704700799948,52.3385814563425,-38.77618241405583,-18.97099592458173
0.6396396396396397,5.218781264977357,23.787486834809034,-19.935173939259855,-4.392849396329676,30.38015653851403,47.93616670310729,-26.21198841634728,-10.542053528401576,5.21686478646762,22.735457332418143,-19.93201642539635,-2.7300056911578996,30.361081672695157,45.37675270718978,30.353787417599033,49.654406281286704,-32.49754187696646,-15.158874708608508,36.65698863817303,52.43958405800022,-38.77616644047766,-18.871839297522044
0.6406406406406406,5.218773991814992,23.898272886187094,-19.93513390260882,-4.300089674822004,30.380105798415276,48.016983079812654,-26.211963443501993,-10.447775596094614,5.216864449197054,22.834599585618157,-19.93198473897667,-2.634718740053769,30.36106369814406,45.456366407402676,30.353785383541183,49.76410004370023,-32.49751826491622,-15.064604162409152,36.656930752302976,52.54458682244124,-38.776150503433215,-18.774563103597337
0.6416416416416416,5.218766808174311,24.011146742144074,-19.935094111151752,-4.203568521979711,30.38005514043572,48.09951824772601,-26.211938621110463,-10.351814257193137,5.216864133045798,22.93614850202493,-19.93195321850365,-2.5393475880592913,30.361045743242183,45.53875368679861,30.353783302413124,49.87078213095894,-32.497494696929245,-14.968562912476788,36.656873343513375,52.65335725196754,-38.77613460315078,-18.67913051231589
0.6426426426426426,5.218759712781286,24.12544979496359,-19.93505456171236,-4.103246231257444,30.380004565428408,48.184261761009175,-26.21191394735211,-10.254165903692384,5.216863837561684,23.040043957859073,-19.93192186234197,-2.443803968708601,30.361027808710368,45.624397817080904,30.35378117500628,49.97405786854736,-32.49747117328997,-14.870681837456036,36.656816405032934,52.765486519997715,-38.77611873984593,-18.585470327622478
0.6436436436436437,5.218752704376053,24.240406631963083,-19.93501525117096,-3.9992109258079642,30.37995407423245,48.27167289624353,-26.21188942043463,-10.154827605459815,5.216863562300925,23.146145653271386,-19.931890668875397,-2.347984358869124,30.36100989524764,45.713733744843346,30.35377900210788,50.07368543768463,-32.497447694277,-14.77091938160303,36.65675993019357,52.88038553008702,-38.77610291372191,-18.49347656573885
0.6446446446446447,5.21874578171285,24.35516988668762,-19.934976176463376,-3.89168719197703,30.37990366767305,48.36216160626065,-26.211865038593512,-10.053801962783842,5.216863306827931,23.254212127644838,-19.931859636506715,-2.2517883152815354,30.360992003531788,45.80712774757636,30.35377678450065,50.169584467968335,-32.49742426016305,-14.669278574095662,36.656703912429045,52.99729803809169,-38.77608712497004,-18.403003612708325
0.6456456456456456,5.218738943559955,24.468880286140127,-19.93493733457988,-3.781038752638189,30.37985334656151,48.456065993409894,-26.21184080009152,-9.951109461562114,5.216863070715136,23.363885627129278,-19.93182876365753,-2.155136023164335,30.36097413421993,45.90485360796419,30.35377452296255,50.261836680879135,-32.49740087121497,-14.565825481248417,36.656648345273545,53.11533308567745,-38.7760713737701,-18.313858452217865
0.6466466466466466,5.218732188699615,24.580734266138883,-19.93489872256411,-3.667763291842281,30.37980311169526,48.55362666956081,-26.211816703218258,-9.846806830154739,5.216862853542822,23.474688394581147,-19.93179804876816,-2.0579822189400483,30.360956287949072,46.00706549479101,30.35377221826649,50.35067945132517,-32.497377527693764,-14.460706122605679,36.65659322236034,53.233515619195195,-38.77605566029068,-18.22579196773502
0.6476476476476476,5.218725515927986,24.690048657820803,-19.934860337512077,-3.552478174230486,30.379752963857893,48.654959467491345,-26.211792746289653,-9.741008183285643,5.216862654898957,23.586035083856565,-19.93176749029749,-1.9603242341726292,30.36093846533663,46.11376833750866,30.35376987118008,50.436493268931,-32.497354229854565,-14.354158391462722,36.65653853742042,53.35085044362268,-38.776039984689554,-18.138491564876382
0.6486486486486487,5.218718924055056,24.796311907409816,-19.934822176571096,-3.4358967587733513,30.37970290381919,48.76002939599394,-26.21176892764756,-9.633904397256789,5.216862474379028,23.697263510994386,-19.931737086722805,-1.8622029179185489,30.360920666980984,46.22478783827538,30.353767482465404,50.51978408884908,-32.497330977946675,-14.246515517767776,36.65648428428112,53.46639167362938,-38.77602434711402,-18.051577323462496
0.6496496496496497,5.2187124119045825,24.899214385071566,-19.93478423693884,-3.3187961399841415,30.37965293233517,48.868630220371074,-26.211745245659262,-9.525775605754932,5.216862311585888,23.807682083962142,-19.93170683653968,-1.7636964204494352,30.36090289346194,46.3397444295853,30.35376505287879,50.6011615795013,-32.49730777221357,-14.13819828713779,36.65643045686484,53.579308524325164,-38.776008747701226,-17.96460358748703
0.6506506506506506,5.218705978314022,24.998655435907708,-19.934746515862336,-3.2019783180108563,30.379603050148106,48.98037508431309,-26.21172169871707,-9.416992242286208,5.2168621661295935,23.91662797824322,-19.931676738261807,-1.6649079629154855,30.36088514534126,46.45803793330868,30.3537625831706,50.681314330764906,-32.4972846128929,-14.029694637488854,36.65637704918768,53.688939017026996,-38.775993186578525,-17.877067399625922
0.6516516516516516,5.218699622134454,25.094729919774494,-19.934709010637032,-3.0862278303643653,30.37955325798659,49.09470346118938,-26.211698285237873,-9.308001744930976,5.216862037627264,24.023526913681952,-19.931646790420835,-1.5659495129478593,30.36086742316313,46.578851211774264,30.35376007408504,50.76098313852486,-32.49726150021654,-13.92152726212178,36.65632405535818,53.79482568050624,-38.77597766386376,-17.788424579766904
0.6526526526526526,5.218693342230513,25.187700294037082,-19.93467171860585,-2.972269546470807,30.379503556565584,49.21090779416942,-26.21167500366272,-9.19930062658805,5.216861925702927,24.127944523598547,-19.93161699156624,-1.4669236592161323,30.36084972745462,46.70118020302693,30.353757526359978,50.840933475364196,-32.497238434410576,-13.814212155839655,36.656271469575984,53.89673082814377,-38.775962179665605,-17.69811358699758
0.6536536536536537,5.218687137480311,25.27796113104596,-19.934634637158272,-2.860730420653505,30.379453946586448,49.328179344662004,-26.211651852456423,-9.091394570135373,5.216861829987383,24.22962119156388,-19.931587340265153,-1.3679060700818535,30.360832058726157,46.82389339281236,30.35375494072676,50.921928175811004,-32.49721541569536,-13.708213211166976,36.65621928613059,53.99463251958273,-38.77594673408382,-17.6055865487336
0.6546546546546547,5.218681006775363,25.36600186028534,-19.93459776372944,-2.75210845134179,30.37940442873701,49.44566786854089,-26.211628830107145,-8.984751862460836,5.216861750118058,24.32848614047708,-19.93155783510221,-1.2689309366487294,30.360814417471936,46.945816480579104,30.353752317910065,51.00470123462751,-32.49719244428551,-13.60389944471436,36.65616749940008,54.088705030582,-38.775931327209584,-17.510345892587114
0.6556556556556556,5.218674949020513,25.452371649088604,-19.934561095799292,-2.646751037922392,30.379355003691614,49.56254557634807,-26.21160593512601,-8.879757180825617,5.21686168573888,24.42465104137263,-19.9315284746794,-1.1699817700931927,30.360796804170377,47.06583012138666,30.353749658627763,51.089933472376096,-32.497169520389946,-13.501511620360027,36.656116103849875,54.179289076078206,-38.77591595912576,-17.411983853956198
0.6566566566566566,5.218668963133855,25.53764870859998,-19.934524630891666,-2.544843629013498,30.3793056721112,49.678064385830524,-26.21158316604671,-8.77667300807972,5.216861636500134,24.518387031238376,-19.931499257615883,-1.0709896198183255,30.36077921928453,47.18296359141533,30.35374696359076,51.17823066916283,-32.497146644211924,-13.401143583963384,36.65606509403147,54.26685712934169,-38.77590062990717,-17.310220920024413
0.6576576576576576,5.218663048046654,25.62241533748262,-19.93448836657349,-2.446408295928176,30.37925643464333,49.79159768726179,-26.211560521425135,-8.67561462822269,5.216861602058345,24.610090970358346,-19.93147018254785,-0.9718399036869457,30.36076166326248,47.296467595388364,30.353744233502898,51.27010457741156,-32.49712381594905,-13.302740744416607,36.65601446458127,54.351978295987045,-38.77588533962084,-17.204938352349796
0.6586586586586587,5.218657202703267,25.707239500023437,-19.934452300453923,-2.351310856010704,30.379207291922288,49.90266285150671,-26.211537999838995,-8.576542040263458,5.216861582076146,24.70024698449871,-19.93144124812836,-0.8723875403503527,30.36074413653774,47.4058552292229,30.353741469060807,51.36595696689294,-32.49710103579336,-13.206114679732272,36.655964210219295,54.43528584966342,-38.7758700883263,-17.09619969260804
0.6596596596596597,5.218651426061061,25.792663246682977,-19.93441643018358,-2.2592745448084557,30.37915824456913,50.01092625869602,-26.211515599887456,-8.479268944277068,5.216861576222159,24.789388328639234,-19.93141245302717,-0.7724782887098949,30.36072663952964,47.51090873816462,30.353738670953827,51.46606653607083,-32.49707830393127,-13.110969947534652,36.655914325748064,54.51744919105067,-38.77585487607579,-16.984256868465234
0.6606606606606606,5.2186457170903315,25.87919753756597,-19.934380753453688,-2.1698980468959306,30.379109293191743,50.11619641368143,-26.211493320190787,-8.383486080273519,5.216861584170876,24.878063064195484,-19.931383795930568,-0.6719727110150803,30.360709172643688,47.61165761577527,30.3537358398639,51.570578215676214,-32.497055620543705,-13.016937660353019,36.65586480605135,54.599150945720254,-38.77583970291453,-16.86953823905579
0.6616616616616616,5.218640074774221,25.967322045187096,-19.93434526799535,-2.082675909704167,30.37906043838497,50.21841165612005,-26.211471159390012,-8.288794321698937,5.216861605602543,24.966805539900687,-19.931355275541215,-0.5707684799365367,30.360691736271956,47.70833826103648,30.353732976465487,51.67949423902827,-32.49703298580607,-12.923610386252415,36.65581564609304,54.68106923616139,-38.77582456888095,-16.752618484508837
0.6626626626626626,5.218634498108633,26.057487552327444,-19.934309971578756,-1.9970198654561637,30.379011680730606,50.31762748862619,-26.21144911614656,-8.194742288424697,5.216861640203048,25.056114538961456,-19.93132689057799,-0.46881702760744687,30.360674330793408,47.80134629275627,30.35373008142548,51.792666546539664,-32.49701039988833,-12.830573992678511,36.65576684091598,54.76386473406939,-38.775809474006905,-16.634173254366456
0.6636636636636637,5.218628986102148,26.15011794314564,-19.934274862012437,-1.9122802012913116,30.378963020797546,50.4140059538775,-26.211427189141936,-8.100863666841772,5.21686168766381,25.1464382759375,-19.931298639775783,-0.3661316334463084,30.360656956574257,47.89119067621675,30.353727155403156,51.90979077143309,-32.496987862955024,-12.73743349634962,36.65571838564081,54.84817172762364,-38.77579441831792,-16.51492433056931
0.6646646646646647,5.218623537775935,26.245608729821104,-19.934239937142532,-1.8277668725172622,30.378914459141804,50.50780713216254,-26.211405377077384,-8.006710478964091,5.216861747681674,25.238166076407378,-19.931270521885395,-0.26278561274078704,30.36063961396829,47.978455527048666,30.353724199050077,52.03040318512689,-32.49696537516531,-12.643831312722483,36.65567027546484,54.934591974524515,-38.77577940183338,-16.395582994229947
0.6656656656656657,5.218618152163667,26.344319598277114,-19.934205194852066,-1.7427704234336867,30.378865996306654,50.5993814890387,-26.211383678673563,-7.911879766970397,5.216861819958803,25.33162632704153,-19.931242535673302,-0.15890091430644637,30.360622303317193,48.063772059525746,30.353721213010072,52.15388324390668,-32.49694293667302,-12.549457337220074,36.65562250566094,55.02368953914506,-38.77576442456676,-16.276799674894054
0.6666666666666666,5.21861282831143,26.446559456339266,-19.934170633060244,-1.6565829219435346,30.37881763282268,50.68916158024659,-26.21136209267024,-7.816032217044997,5.216861904202581,25.427089912132676,-19.93121467992155,-0.05462888188987569,30.36060502495088,48.147800377709956,30.35371819791917,52.27946519164731,-32.49692054762671,-12.454051122996225,36.65557507157642,55.11598427270281,-38.77574948652581,-16.159126547854186
0.6676676676676676,5.218607565277638,26.552563706760374,-19.934136249721767,-1.5685190762788306,30.37876936920785,50.77765213963193,-26.21134061782596,-7.718902012727752,5.216862000125511,25.52477771660224,-19.931186953427524,0.04987394618518315,30.360587779187785,48.23121896872599,30.353715154405567,52.4062619133291,-32.49689820816967,-12.357397223590471,36.65552796863195,55.211941333125175,-38.775734587712755,-16.042996819068765
0.6686686686686687,5.218602362132937,26.662464781039166,-19.934102042826137,-1.4779375974662696,30.37872120596762,50.86541830072556,-26.211319252917765,-7.62029778948149,5.2168621074451185,25.62486991579926,-19.93115935500384,0.15447135623298264,30.360570566335163,48.314718858162784,30.353712083089583,52.533302587643114,-32.49687591844001,-12.259315634218348,36.655481192320465,55.311954404812056,-38.77571972812451,-15.928720780351721
0.6696696696696697,5.218597217960119,26.776258343909443,-19.93406801039701,-1.3842628140900826,30.37867314359503,50.953072211801846,-26.21129799674086,-7.52009521430876,5.216862225883857,25.727513939071446,-19.931131883478148,0.2590702755921761,30.36055338668938,48.398999265038704,30.35370898458365,52.65958293245505,-32.4968536785707,-12.159650097208404,36.65543473820612,55.416321231927064,-38.77570490775282,-15.816495335838013
0.6706706706706707,5.218592131854029,26.89376912354722,-19.934034150491513,-1.2870065682108494,30.37862518257078,51.04125841219862,-26.211276848108355,-7.418222664241009,5.2168623551690185,25.832827576213834,-19.93110453769296,0.36363699875931554,30.3605362405362,48.48476199924862,30.353705859492287,52.78412383643424,-32.496831488689594,-12.05825758108309,36.65538860192321,55.525211756634924,-38.77569012658448,-15.706421469825049
0.6716716716716716,5.218587102921471,27.01462209291291,-19.934000461199656,-1.1857904159292585,30.37857732336332,51.13063807590704,-26.211255805850943,-7.314642729063416,5.21686249503264,25.940894058967636,-19.931077316505498,0.4682037362410076,30.360519128151065,48.57270252169625,30.353702708412072,52.906032007494936,-32.4968093489195,-11.955002230890106,36.655342779175136,55.63863144363436,-38.775675384601485,-15.59852350104806
0.6726726726726726,5.218582130281114,27.138226444902863,-19.93396694064365,-1.0803679115118514,30.37852956642896,51.2218717517993,-26.21123486881664,-7.209333512399997,5.216862645211418,26.051747266269132,-19.931050218787515,0.572863896799471,30.360502049799337,48.663496330672054,30.35369953193165,53.024555714998165,-32.49678725937822,-11.849756407314315,36.65529726573339,55.75638497921938,-38.77566068178121,-15.492764869285038
0.6736736736736737,5.218577213063401,27.2637806572738,-19.93393358697733,-0.9706460977924252,30.378481912211942,51.315599729050895,-26.211214035870498,-7.102274442050538,5.216862805446627,26.165347383956696,-19.931023243425145,0.6777565054386947,30.36048500573659,48.75778000732807,30.35369633063172,53.13912983982715,-32.496765220178624,-11.742410194005524,36.65525205743651,55.878047905173744,-38.77564601809658,-15.38905711260131
0.6746746746746747,5.218572350410451,27.39030570470616,-19.93390039838553,-0.8567043046026451,30.378434361144553,51.412418818998354,-26.21119330589431,-6.993441047166104,5.216862975484027,26.28155010516911,-19.930996389318715,0.7830422392974543,30.36046799620884,48.856126752097694,30.353693105085043,53.24940668214944,-32.49674323142865,-11.632889197470172,36.65520715018912,56.00295504255586,-38.77563139351621,-15.28726093631489
0.6756756756756757,5.218567541475964,27.516709110386024,-19.933867373083505,-0.7388073113096534,30.378386913647212,51.512854359108246,-26.211172677786383,-6.8828116898361005,5.216863155073792,26.4000753624995,-19.930969655382594,0.888875269919005,30.360451021452803,48.959016516591575,30.35368985585644,53.35527141269349,-32.49672129323143,-11.521178801407418,36.65516253996088,56.130213811085966,-38.77561680800456,-15.187180295133867
0.6766766766766766,5.218562785425125,27.64187517716581,-19.933834509316352,-0.6174093566242611,30.378339570128578,51.61732680911473,-26.21115215046124,-6.7703866686339085,5.216863343970426,26.5204840363275,-19.93094304054502,0.9953760544763699,30.36043408169613,49.06680094503429,30.353686583502817,53.45684294692003,-32.49669940568526,-11.407351379726514,36.65511822278554,56.25874713191132,-38.77560226152211,-15.08855194073254
0.6776776776776777,5.218558081434509,27.764768439702515,-19.93380180535843,-0.4931457492252678,30.378292330985627,51.726113605187585,-26.211131722849377,-6.656216875861587,5.216863541932686,26.642172187478028,-19.93091654374794,1.1026101827538317,30.360417177157636,49.17966361388209,30.35368328857315,53.55446207021934,-32.49667756888373,-11.291591446861688,36.655074194759976,56.38736482499092,-38.77558775402548,-14.991033890701438
0.6786786786786787,5.218553428691978,27.88453167187481,-19.933769259512815,-0.3668099804437931,30.37824519660379,51.83930903745156,-26.21111139389699,-6.540435978239172,5.216863748723506,26.764391000864762,-19.93089016394684,1.2105772881525574,30.360400308047534,49.29757713946315,30.353679971608557,53.64866898371473,-32.496655782915724,-11.174212652005592,36.65503045204322,56.51485577049289,-38.77557328546759,-14.894196767008095
0.6796796796796797,5.21854882639659,28.00055986029583,-19.933736870110756,-0.23931601275558206,30.378198167357017,51.95678761814298,-26.211091162565744,-6.42328777147148,5.216863964109925,26.886296029152028,-19.930863900110587,1.3192120287242124,30.36038347456765,49.420261277924475,30.353676633142264,53.74017243394795,-32.49663404786549,-11.055660444063658,36.65498699085553,56.64008778998448,-38.77555885579777,-14.79752189468107
0.6806806806806807,5.218544273758494,28.112538018326436,-19.93370463551112,-0.11164749876494051,30.378151243607903,52.07817904509128,-26.21107102783252,-6.305139813573593,5.216864187863014,27.007021964713918,-19.93083775122126,1.4283967006096436,30.36036667691165,49.54715017321227,30.353673273699677,53.8298125477348,-32.49661236381271,-10.936495661029705,36.65494380747742,56.76210007966729,-38.77554446496192,-14.700409410404577
0.6816816816816816,5.218539769998835,28.220440808204433,-19.93367255409989,0.015202200209467026,30.378104425707775,52.2028642196203,-26.211050988689166,-6.186476248947145,5.2168644197578065,27.12577126049997,-19.930811716274,1.5379828404412452,30.36034991526522,49.67738103042227,30.353669893798383,53.91851952263799,-32.49659073083253,-10.817357371449658,36.654900898248805,56.880174749428534,-38.77553011290262,-14.602198489380275
0.6826826826826827,5.218535314349654,28.32450115398739,-19.933640624289627,0.14029352874996964,30.37805771399681,52.33000034047247,-26.21103104414227,-6.0678668209431965,5.216864659573228,27.241899731597503,-19.930785794276822,1.6478177768128672,30.360333189806305,49.80981788223223,30.353666493948214,54.00727035107779,-32.49656914899563,-10.69890759192171,36.65485825956803,56.99387886554702,-38.77551579955927,-14.502200339983009
0.6836836836836837,5.218530906053785,28.42515991583034,-19.933608844519,0.2628011360972263,30.37801110880413,52.458577873226034,-26.21101119321292,-5.949914562743808,5.216864907092033,27.354982320509045,-19.93075998425049,1.7577716176090408,30.36031650070528,49.94311976657748,30.353663074651266,54.09704567289735,-32.49654761836828,-10.58176508960609,36.65481588789101,57.10307471716259,-38.7755015248682,-14.399742962466636
0.6846846846846847,5.21852654436476,28.523008657345546,-19.933577213252256,0.38206477881556294,30.37796461044791,52.58750386288222,-26.210991434936467,-5.833190092123323,5.216865162100734,27.46484762718719,-19.93073428522831,1.867760271265899,30.36029984812516,50.07585167316656,30.35365963640192,54.18878862498239,-32.496526139012396,-10.466439085856521,36.65477377973034,57.20790194034365,-38.77548728876278,-14.294224793787862
0.6856856856856857,5.218522228546703,28.618734448654628,-19.933545728978743,0.49762590213366575,30.37791821923549,52.71569757124908,-26.210971768362324,-5.7181642271371365,5.216865424389542,27.571578183978048,-19.930708696256033,1.9777604617889193,30.36028323222177,50.20662223395653,30.353656179686947,54.283367224773045,-32.496504710985576,-10.353274960774302,36.65473193165441,57.308739147160296,-38.77547309117356,-14.18517224419263
0.6866866866866866,5.218517957874231,28.71307203853688,-19.93351439021246,0.6092474740395324,30.377871935463457,52.842179984601515,-26.210952192553712,-5.6051515827055844,5.216865693752301,27.67548135901268,-19.93068321639164,2.087813439733955,30.36026665314395,50.33422097643917,30.353652704985496,54.38154141292264,-32.49648333434119,-10.242422093665144,36.65469034028654,57.40615417438425,-38.77545893202835,-14.072294041446987
0.6876876876876877,5.218513731632354,28.80676611239838,-19.93348319549154,0.7169172137824374,30.377825759417792,52.966141148455165,-26.210932706587464,-5.494275502548176,5.216865969986431,27.77704064375701,-19.93065784470521,2.198015696641117,30.360250111033704,50.457726319672496,30.35364921276917,54.48393536275676,-32.496462009128415,-10.133828959232185,36.654649002304154,57.50085128093171,-38.77544481125235,-13.955523894765996
0.6886886886886887,5.218509549116374,28.900544771104183,-19.93345214337785,0.8208364826978811,30.37777969137395,53.08697760214595,-26.210913309553803,-5.38545977442666,5.2168662528928635,27.876858231205848,-19.930632580278765,2.308497636823124,30.3602336060264,50.57656476504497,30.35364570350208,54.59101501713095,-32.496440735392284,-10.027264164590475,36.65460791443791,57.59362150438205,-38.77543072876824,-13.835043072775626
0.6896896896896897,5.218505409631778,28.995104078326122,-19.933421232456492,0.9213984019089336,30.37773373159696,53.20430205246327,-26.21089400055613,-5.278446636768157,5.2168665422759855,27.975598117934453,-19.930607422206112,2.4193942303559477,30.360217138250928,50.69051720517307,30.35364217764088,54.70307011774016,-32.49641951317377,-9.922356637259277,36.65456707347089,57.68529995566292,-38.77541668449629,-13.711276576384916
0.6906906906906907,5.218501312494142,29.091101973063463,-19.9333904613354,1.0191590963930481,30.377687880341572,53.31793408104184,-26.21087477871082,-5.172835481057771,5.216866837943582,28.07393601174397,-19.93058236959268,2.5308139990414165,30.360200707829858,50.79968252775145,30.35363863563485,54.82019949814285,-32.49639834250981,-9.81864543269527,36.654526476237784,57.77673177460172,-38.775402678354446,-13.584860621186449
0.6916916916916916,5.218497257029029,29.18915811833116,-19.933359828644885,1.1148054574516753,30.377642137852316,53.42788199393318,-26.210855643147013,-5.0681337270153035,5.21686713970678,28.172519436667216,-19.93055742155538,2.642813315109983,30.3601843148796,50.90441644101743,30.35363507792594,54.942298505848996,-32.49637722343339,-9.715629875947482,36.65448611962406,57.8687469772108,-38.77538871025843,-13.456584437718233
0.6926926926926927,5.218493242571882,29.289854913539877,-19.933329333037225,1.2091217895248074,30.37759650436365,53.53432304840577,-26.210836593006416,-4.963810906283679,5.216867447379996,28.271939315345573,-19.930532577222447,2.7553817329120953,30.36016795951058,51.005263798279906,30.35363150494883,55.06904845591719,-32.49635615597359,-9.612812942850447,36.6544460005652,57.96214330311163,-38.77537478012184,-13.327314738782684
0.6936936936936937,5.218489268467924,29.393734498378056,-19.93329897318624,1.3029565777619836,30.377550980100057,53.6375850473468,-26.21081762744311,-4.859348419117257,5.216867760780878,28.372713054007995,-19.930507835733287,2.8684414947083328,30.36015164182736,51.10289801674107,30.353627917130993,55.199910035747884,-32.496335140155615,-9.509733544564586,36.6544061160459,58.05767511707904,-38.77536088785624,-13.197915094930487
0.6946946946946947,5.21848533407206,29.50128733065526,-19.933268747786897,1.397189738009243,30.37750556527614,53.73812908245525,-26.210798745623347,-4.7542796912281275,5.216868079730258,28.475278403734286,-19.930483196238335,2.981861343877846,30.360135361928812,51.19807468487023,30.35362431489277,55.334125020830214,-32.49631417600091,-9.405985822024148,36.65436646309928,58.156045306926366,-38.77534703337121,-13.069173568960867
0.6956956956956957,5.218481438748768,29.612929618134885,-19.93323865555489,1.4927002702782792,30.37746026009676,53.83653196602376,-26.210779946725363,-4.648217639509503,5.216868404052097,28.579996619457432,-19.9304586578989,3.095482079004468,30.36011911990824,51.2916005522281,30.353620698647408,55.47073235727038,-32.496293263527164,-9.301225511591007,36.65432703880616,58.25789613700075,-38.77533321657449,-12.941749690125961
0.6966966966966966,5.2184775818719995,29.72896908895911,-19.933208695226284,1.590334182629198,30.37741506475711,53.93346721079386,-26.2107612299392,-4.540868021748376,5.21686873357344,28.68716232187792,-19.930434219887015,3.2091492349578457,30.360102915853545,51.38431500000711,30.353617068801167,55.608604288351216,-32.49627240274839,-9.195165151392755,36.65428784029425,58.363794588262664,-38.775319437372005,-12.81614672680938
0.6976976976976977,5.218473762825081,29.849560958810123,-19.933178865557093,1.6908726619793497,30.37736997944286,54.02968430760617,-26.210742594466495,-4.432028539546326,5.2168690681243595,28.79701600512673,-19.930409881385305,3.3227469346981557,30.360086749847326,51.4770790395561,30.35361342575336,55.74650505578314,-32.49625159367496,-9.08756155282178,36.654248864737475,58.47420829716828,-38.77530569566798,-12.692708805896197
0.6986986986986987,5.218469981000607,29.97465847626332,-19.93314916532292,1.7950005016392856,30.377325004330253,54.12598666137238,-26.210724039520333,-4.321574991239494,5.216869407537914,28.909753807876992,-19.93038564158683,3.436226378430849,30.360070621967058,51.570766541027645,30.353609769896423,55.88316940994611,-32.49623083631371,-8.978200403998757,36.65421010935517,58.58947007559531,-38.775291991365,-12.571636741287152
0.6996996996996997,5.218466235800339,30.103965308162913,-19.933119593318597,1.9032747045307092,30.3772801395862,54.22320851113721,-26.21070556432504,-4.209437733773562,5.216869751650097,29.025528747323623,-19.930361499694943,3.5496228769559335,30.36005453228517,51.66625316612393,30.353606101616,56.017392618831664,-32.496210130667926,-8.86688362486408,36.65417157141142,58.709732154433745,-38.775278324364095,-12.453013140346929
0.7007007007007007,5.218462526635105,30.23690023651869,-19.93309014835781,2.016093228304222,30.37723538536842,54.32219055946662,-26.210687168116017,-4.0955740493403745,5.2168701002997935,29.14443876116554,-19.93033745492315,3.6630570796818995,30.360038480869225,51.76439977904396,30.35360242129101,56.148120154876636,-32.49618947673746,-8.753424702207857,36.65413324821429,58.83491543110167,-38.77526469456478,-12.336827144792363
0.7017017017017017,5.218458852924697,30.372587296707888,-19.933060829272744,2.1336644624377366,30.37719074182552,54.42375318382168,-26.210668850139577,-3.9799439117889346,5.216870453328734,29.266499790826696,-19.930313506494976,3.7767190470387466,30.360022467782,51.86602849329557,30.35359872929371,56.27452515842796,-32.49616887451875,-8.637655627958837,36.65409513711519,58.96466340015074,-38.77525110186518,-12.222991564120926
0.7027027027027027,5.218455214097771,30.50988458568522,-19.933031634913743,2.2559794555995945,30.377146209097127,54.52866537007552,-26.21065060965275,-3.8624970407245125,5.216870810581449,29.39160640313121,-19.930289653643808,3.8908374938158787,30.360006493081617,51.97189068805048,30.35359502598978,56.39606488195509,-32.49614832400489,-8.519446613685355,36.65405723550812,59.0983138421326,-38.775237546162046,-12.111348915044434
0.7037037037037037,5.218451609591743,30.647460053240998,-19.93300256414897,2.3827907910002772,30.377101787313983,54.63760726972455,-26.210632445923142,-3.743177298746991,5.216871171905229,29.519487375232277,-19.930265895612777,4.005639961027977,30.35999055682168,52.082627106300016,30.353591311738388,56.5125120060405,-32.49612782518569,-8.398736951516035,36.65401954082901,59.234901983506276,-38.775224027350845,-12.00166664727473
0.7047047047047047,5.21844803885269,30.7839116039024,-19.932973615864057,2.5136034363487583,30.377057476598072,54.751124925942555,-26.210614358228753,-3.621946443620305,5.216871537150077,29.64966830294273,-19.930242231654617,4.121311969540919,30.359974659051357,52.198720498184045,30.35358758689228,56.623961062316354,-32.4961073780477,-8.275572522176647,36.65398205055506,59.37320511450778,-38.77521054532581,-11.893624800416553
0.7057057057057057,5.218444501335249,30.917914241453122,-19.932944788961777,2.647682962729282,30.377013277062705,54.86957761670384,-26.21059634585782,-3.498823737976766,5.216871906168671,29.781456209128965,-19.930218661031503,4.237963761298852,30.359958799815516,52.320441594899506,30.353583851797833,56.730812978868215,-32.49608698257429,-8.150142656819744,36.65394476220405,59.511830317335345,-38.775197099980026,-11.786801319587868
0.7067067067067067,5.218440996502515,31.048365059762222,-19.932916082361753,2.7840849372710132,30.376969188812648,54.99308163431961,-26.210578408108656,-3.373932231697117,5.2168722788163215,29.913960279260046,-19.93019518301497,4.355611781011117,30.35994297915482,52.44779055635336,30.353580106795157,56.833741854080344,-32.496066638745724,-8.022806783337828,36.653907673333705,59.64933606419045,-38.775183691205456,-11.68066133476911
0.7077077077077077,5.218437523825945,31.174494600040166,-19.932887495000102,2.9217064591426425,30.37692521194423,55.12145887481397,-26.210560544289496,-3.247538316430209,5.216872654950931,30.04615634467822,-19.93017179688573,4.474178763575476,30.359927197105833,52.580439788845446,30.35357635221815,56.93364811758693,-32.496046346539174,-7.894100556894568,36.653870781541045,59.78436886131895,-38.77517031889302,-11.57455681587689
0.7087087087087087,5.218434082785253,31.295923010833434,-19.932859025829163,3.0593573609333733,30.37688134654544,55.25420315582899,-26.21054275371834,-3.1200701352869045,5.216873034432957,30.176990722285378,-19.93014850193357,4.593511952476769,30.359911453701127,52.71769049056772,30.353572588394584,57.03160202450167,-32.49602610592878,-7.764713211667844,36.65383408446174,59.915791563184555,-38.77515698293264,-11.467741969642011
0.7097097097097097,5.218430672868313,31.412656998042024,-19.932830673817147,3.1958450318987675,30.376837592696056,55.39047941352062,-26.2105250357228,-2.9921037917777213,5.216873417125369,30.305505245180925,-19.9301252974572,4.713414909693632,30.359895748969382,52.858462060059345,30.353568815646184,57.12878133705049,-32.49600591688572,-7.635433200797239,36.6537975797695,60.04278205386797,-38.77514368321332,-11.359407569432182
0.7107107107107107,5.218427293571061,31.52503989899354,-19.932802437947885,3.330063726316419,30.376793950467725,55.52916798271566,-26.21050738963995,-2.864313854655658,5.216873802893615,30.430956131584686,-19.93010218276416,4.833685836403483,30.35988008293548,53.00133525773866,30.353565034288707,57.226407011107234,-32.495985779378266,-7.50706698418838,36.65376126517544,60.164888623335656,-38.77513041962315,-11.248734443973671
0.7117117117117117,5.2184239443973945,31.633675433424752,-19.932774317220503,3.461077561557398,30.376750419924097,55.66895638475589,-26.21048981481618,-2.7373944651820468,5.216874191605584,30.55289985874039,-19.93007915717065,4.954154664222376,30.3598644556206,53.144661197268704,30.353561244632004,57.32568049558132,-32.4959656933718,-7.380343960242241,36.653725138427475,60.28203868448819,-38.7751171920494,-11.134962964202337
0.7127127127127127,5.218420624859077,31.739344815252608,-19.93274631064917,3.588187088010803,30.376707001120916,55.80846639655431,-26.210472310607052,-2.6119662653821143,5.216874583131564,30.67122952302772,-19.930056220001436,5.074711796937979,30.359848867042313,53.286728187465144,30.353557446980123,57.42772575568147,-32.495945658828916,-7.255826208045701,36.65368919730974,60.394507107007335,-38.77510400037855,-11.017471737239905
0.7137137137137137,5.218417334475637,31.842930919261654,-19.93271841726277,3.7109723758475,30.376663694106146,55.94639104736916,-26.210454876377145,-2.488489235028997,5.216874977344215,30.786160108992213,-19.930033370589715,5.195322664064001,30.359833317214672,53.42595486846928,30.353553641631365,57.533538365907475,-32.49592567570942,-7.133842302733141,36.65365343964196,60.502856714825,-38.77509084449633,-10.895855112537161
0.7147147147147147,5.218414072774272,31.94535683533315,-19.932690636104656,3.8293100222054814,30.376620498920044,56.08161229260718,-26.210437511499936,-2.367200496880714,5.216875374118526,30.898173851158557,-19.93001060827699,5.31602441619482,30.359817806148307,53.56106421260632,30.353549828878375,57.64394300651179,-32.49590574397043,-7.014458864357961,36.6536178632789,60.60786534506787,-38.7750777242878,-10.76998638141288
0.7157157157157157,5.218410839289753,32.047541688798574,-19.932662966232396,3.94336589742327,30.37657741559531,56.21327854608482,-26.210420215357647,-2.2480894820826394,5.216875773331785,31.007943178768574,-19.929987932412963,5.436904756282945,30.359802333850492,53.69119820288132,30.353546009008216,57.75955944454597,-32.4958858635664,-6.897493291914539,36.65358246610979,60.71045202115114,-38.775064639637336,-10.640053118216931
0.7167167167167167,5.218407633564327,32.15037364410168,-19.93263540671747,4.053568632083142,30.37653444415717,56.340837215150025,-26.210402987341105,-2.1309129599298147,5.216876174863542,31.11624839379775,-19.92996534235538,5.558067710546147,30.359786900325247,53.815954976907214,30.35354218230244,57.880775747988785,-32.495866034449165,-6.782560404971446,36.653547246057755,60.811611026761646,-38.775051590428745,-10.506554179039583
0.7177177177177178,5.218404455147622,32.25469731686087,-19.932607956645032,4.160570207759194,30.37649158462346,56.464031605445854,-26.21038582684962,-2.015242934588237,5.2168765785955795,31.22390283212391,-19.92994283746996,5.679595336895971,30.359771505573416,53.93535642202809,30.353538349037184,58.00772655551205,-32.495846256568,-6.6691387453064115,36.65351220107922,60.91235868994852,-38.77503857654524,-10.370254563005508
0.7187187187187187,5.218401303596551,32.36131006392545,-19.93258061511365,4.265199610286373,30.376448837004773,56.582877443357255,-26.21036873329085,-1.9005343698983113,5.216876984411875,31.33169287917917,-19.92992041713024,5.801515933607083,30.359756149592744,54.04977178684868,30.35353450948322,58.14027446509666,-32.49582652986968,-6.556640911373513,36.65347732916341,61.01369438314007,-38.77502559786953,-10.2321033309744
0.7197197197197197,5.218398178475216,32.470959560723834,-19.93255338123506,4.368413920560552,30.376406201304544,56.697631807354064,-26.21035170608065,-1.786198262803345,5.216877392198572,31.440335869195007,-19.92989808071749,5.92378750365064,30.359740832377955,54.15982678514664,30.353530663906064,58.277994660962925,-32.495806854298515,-6.444475298417014,36.65344262833181,61.11657463033202,-38.77501265428382,-10.093128593298715
0.7207207207207207,5.218395079354818,32.58433467868528,-19.93252625413391,4.471249299882189,30.37636367751915,56.808761088250115,-26.21033474464299,-1.6716678118114843,5.216877801843948,31.55045613145883,-19.92987582762056,6.046300972263915,30.359725553920825,54.266320947615064,30.353526812566024,58.42016667799084,-32.49578722979639,-6.332091395187787,36.6534080966376,61.22189693009711,-38.77499974566989,-9.954329331715861
0.7217217217217217,5.218392005813562,32.70204326732141,-19.93249923294754,4.574772821276846,30.376321265638023,56.91690942308179,-26.210317848409773,-1.5564493086088524,5.216878213238382,31.66257770986826,-19.929853657235817,6.168902676608022,30.359710314210268,54.37016492460731,30.3535229557183,58.565781356311604,-32.49576765630284,-6.219005363313828,36.653373732165136,61.3304878292612,-38.77498687190908,-9.816584258069168
0.7227227227227228,5.218388957436561,32.82457354349344,-19.932472316825717,4.680035354607458,30.37627896564375,57.02286685258126,-26.21030101682075,-1.4401531279093862,5.216878626274325,31.777130642781216,-19.92983156896698,6.2914313416352154,30.35969511323239,54.47233927274132,30.353519093613045,58.71357312583915,-32.49574813375507,-6.104806406040481,36.65333953302947,61.443088316707474,-38.77497403288238,-9.68059250436806
0.7237237237237237,5.218385933815749,32.9522395990911,-19.93244550493043,4.788025587949019,30.37623677751216,57.12753658763863,-26.210284249323397,-1.3225030996805422,5.216879040846269,31.894465560453437,-19.929809562225056,6.413761680354755,30.35967995097059,54.57386955977543,30.353515226495443,58.86208543391083,-32.495728662088034,-5.989147678542802,36.653305497375776,61.56032949937572,-38.77496122847043,-9.546851378949214
0.7247247247247247,5.218382934549783,33.0851156220021,-19.932418796435655,4.8996253026541146,30.376194701212455,57.23190156626271,-26.21026754537277,-1.2033250896961036,5.216879456850717,32.014868999909986,-19.929787636428212,6.5358449799990455,30.359664827405584,54.675809766915194,30.353511354605796,59.00976986598765,-32.49570924123444,-5.871728338430302,36.65327162337893,61.682693441081376,-38.77494845855356,-9.415666079368476
0.7257257257257257,5.21837995924396,33.22296795937645,-19.932392190527125,5.015565861305769,30.376152736707297,57.33699068827056,-26.21025090443139,-1.0825187017679534,5.216879874186156,32.13857037536632,-19.92976579100166,6.657736805207316,30.359649742515515,54.7792260737231,30.353507478179587,59.15510962499754,-32.495689871124824,-5.752275270971933,36.65323790924294,61.810458225436385,-38.774935723011815,-9.28717873297322
0.7267267267267267,5.218377007510121,33.3651993699861,-19.93236568640212,5.1363856916343265,30.376110883952897,57.44384439836256,-26.210234325969164,-0.9600198788325406,5.216880292753025,32.26573234232503,-19.929744025377563,6.779603824104423,30.359634696275993,54.88517490400436,30.35350359744756,59.29674984151246,-32.4956705516876,-5.63053319284391,36.6532043532005,61.943632418889436,-38.77492302172501,-9.161401705192159
0.7277277277277278,5.21837407896656,33.510824803925836,-19.932339283269258,5.262389081103977,30.376069142899137,57.553478000332376,-26.210217809463224,-0.8357657206515466,5.21688071245369,32.39642007333099,-19.929722338994928,6.901705996307316,30.359619688660175,54.994671487121416,30.35349971263579,59.433614502599355,-32.49565128284909,-5.506269829282525,36.653170953512515,62.08189117103266,-38.77491035457274,-9.038242777778335
0.7287287287287287,5.2183711732379425,33.65849978717453,-19.93231298034826,5.393608492930457,30.376027513489664,57.66683984733945,-26.210201354397835,-0.7096740977485458,5.216881133192412,32.53055134275646,-19.929700731299505,7.024356230933318,30.359604719638817,55.10864740320018,30.35349582396577,59.56499354950517,-32.49563206453357,-5.3792991473209915,36.6531377084676,62.22453230440196,-38.77489772143441,-8.917515576178209
0.7297297297297297,5.21836828995521,33.80661647723049,-19.932286776869784,5.529775580277781,30.37598599566197,57.78476103921315,-26.21018496026429,-0.5816480855570048,5.216881554875324,32.66783710792458,-19.92967920174368,7.147865513091615,30.35958978918034,55.227897164229034,30.353491931654464,59.69059155275058,-32.49561289666331,-5.249521152183312,36.653104616381654,62.370473030413955,-38.77488512218926,-8.798934895283217
0.7307307307307307,5.2183654287554955,33.953465906943435,-19.932260672075188,5.670308624029287,30.37594458934752,57.90789417299372,-26.210168626560783,-0.45160875122325334,5.216881977410403,32.807729875696666,-19.929657749786383,7.272485657782792,30.359574897250884,55.35301465782432,30.3534880359144,59.81053748606628,-32.49559377915865,-5.116972128158331,36.65307167559736,62.518303390152326,-38.77487255671642,-8.682101558104803
0.7317317317317317,5.2183625892820364,34.09744121072732,-19.93223466521635,5.814324496669884,30.375903294471826,58.03664172921304,-26.210152352792313,-0.3195507788150779,5.216882400707441,32.94940225137322,-19.92963637489298,7.398363045736913,30.359560043814376,55.4843208016246,30.353484136953725,59.925360593576706,-32.49557471193801,-4.98187461893929,36.65303888448377,62.66640023053444,-38.774860024894885,-8.566484712585115
0.7327327327327328,5.2183597711840894,34.237236662337835,-19.932208755555468,5.960680797080457,30.375862110954547,58.17108021321489,-26.210136138470578,-0.1856062176937591,5.216882824678018,33.091777172549286,-19.929615076535175,7.525514391363372,30.359545228832584,55.621785829430685,30.35348023497629,60.035939522358404,-32.49555569491794,-4.844672553766962,36.653006241435854,62.81308863660721,-38.774847526603594,-8.451411216829003
0.7337337337337337,5.218356974116843,34.371993982516635,-19.93218294236488,6.108049256761986,30.375821038709606,58.310893630496395,-26.210119983113856,-0.05009527658478005,5.216883249235484,33.23362093030452,-19.92959385419093,7.653830078497896,30.359530452265165,55.76495567257272,30.35347633018171,60.14343193076255,-32.49553672801315,-4.706035627425321,36.65297374487405,62.956822840766975,-38.77483506172142,-8.336071845716152
0.7347347347347347,5.218354197741335,34.50136504302751,-19.932157224926865,6.255016041818477,30.375780077645263,58.45533691828577,-26.21010388624693,0.08645740043016203,5.216883674294921,33.373690371448625,-19.92957270734435,7.783103326987713,30.35951571406973,55.912902274073346,30.35347242276545,60.24919124261349,-32.49551781113659,-4.566820737009472,36.65294139324386,63.09635206319145,-38.7748226301272,-8.219552008479237
0.7357357357357357,5.2183514417243675,34.62548960881855,-19.93213160253346,6.400198974251458,30.37573922766422,58.60325220599825,-26.210087847400956,0.2233553310701777,5.2168840997731305,33.51090373709276,-19.9295516354856,7.9130769174519475,30.35950101420188,56.064227472018814,30.353468512918873,60.35467690169326,-32.49549894419945,-4.427987886091132,36.652909185015375,63.23084090979386,-38.77481023169976,-8.100890470827098
0.7367367367367368,5.218348705738423,34.74491179531686,-19.932106074486292,6.542367019005522,30.375698488663705,58.753153294836764,-26.210071866113385,0.35981215828351226,5.216884525588599,33.64449209035331,-19.929530638110815,8.04349564854232,30.3594863526153,56.217149336894,30.353464600829327,60.46136426656452,-32.49548012711122,-4.290481465816798,36.65287711868294,63.3599266426816,-38.774797866317954,-7.979163937183353
0.7377377377377378,5.218345989461583,34.86046852799003,-19.93208064009639,6.680545450211464,30.37565786053559,58.90337496233248,-26.210055941927855,0.4950673908669543,5.216884951661479,33.77409334344611,-19.929509714722,8.174152556255475,30.359471729261745,56.36968012152877,30.353460686680204,60.570659724348175,-32.49546135977974,-4.155100590776994,36.652845192764666,63.48371180442683,-38.77478553386066,-7.853589156340685
0.7387387387387387,5.218343292577448,34.973178317506225,-19.932055298684027,6.814092410376333,30.375617343166457,59.05225973439758,-26.210040074394097,0.6285082469822073,5.216885377913565,33.89977118315874,-19.92948886482695,8.304918944638263,30.35945714409115,56.519869491597056,30.353456770651015,60.68382546101382,-32.495442642111215,-4.022388712965588,36.65281340580208,63.602704743939974,-38.7747732342068,-7.723628172748272
0.7397397397397397,5.218340614775052,35.08414750072166,-19.932030049578533,6.942738689934832,30.375576936437692,59.19833875369064,-26.210024263067822,0.7597668918527309,5.216885804268267,34.0219655041053,-19.92946808793916,8.4357515324031,30.359442597051643,56.666053888725436,30.353452852917453,60.801916612287116,-32.49542397401028,-3.892569103377519,36.65278175635969,63.717728515478136,-38.77476096723537,-7.5890775641979715
0.7407407407407407,5.218337955748787,35.19450118729497,-19.932004892118144,7.066590180368718,30.375536640225608,59.34046654069539,-26.210008507510683,0.8887697679717697,5.216886230650587,34.14139774790435,-19.92944738357772,8.566674968630526,30.359428088089604,56.80704517341635,30.353448933651453,60.92573132652297,-32.495405355380015,-3.76553922479912,36.65275024302463,63.829819403864896,-38.774748732825486,-7.450121061835628
0.7417417417417418,5.218335315198322,35.305339561772136,-19.93197982564983,7.1860988930001195,30.375496454401492,59.47789053923004,-26.209992807290103,1.0157304941390934,5.216886656987101,34.25895911876952,-19.929426751267265,8.697744821840194,30.359413617149713,56.94221626386321,30.35344501302127,61.0557719213302,-32.495386786122,-3.6409191045519798,36.65271886440625,63.940131921788584,-38.77473653085634,-7.307329087792601
0.7427427427427428,5.218332692828526,35.41771538432517,-19.931954849529145,7.302011932216427,30.375456378831732,59.610261462334776,-26.209977161979253,1.1410938013427374,5.216887083205929,34.375604655854325,-19.929406190537858,8.829002855139152,30.35939918417499,57.07148283737084,30.35344109119153,61.192213682738654,-32.49536826613634,-3.5181346719896025,36.65268761913576,64.04986065546923,-38.77472436120726,-7.161599072132242
0.7437437437437437,5.218330088349386,35.532624282210485,-19.931929963120066,7.415308025691582,30.375416413377877,59.73760505633756,-26.209961571156914,1.2654490951286568,5.216887509236718,34.49226735337491,-19.92938570092492,8.960439538126288,30.359384789106844,57.19521370973992,30.35343716832331,61.33487831386596,-32.495349795321715,-3.396511905863761,36.65265650586583,64.16018311592573,-38.774712223757746,-7.014044722446557
0.7447447447447447,5.218327501475934,35.650996442178936,-19.931905165794824,7.527129041886488,30.375376557896747,59.860276019459874,-26.20994603440742,1.3894356028221333,5.216887935010619,34.609798555065844,-19.92936528196915,9.09197646273945,30.35937043188511,57.31411396668696,30.3534332445742,61.483212697590645,-32.49533137357541,-3.275361004326789,36.65262552327023,64.27222253620829,-38.77470011838742,-6.865856166224542
0.7457457457457457,5.218324931928169,35.77367805198301,-19.93188045693379,7.638710919992142,30.375336812240505,59.97890675973899,-26.20993055132056,1.5136578781412333,5.2168883604602625,34.728935444416166,-19.92934493321645,9.223474858651189,30.3593561124481,57.429116459805506,30.353429320098332,61.63628007770625,-32.49531300079335,-3.1540373848819057,36.652594670043506,64.3870251668586,-38.77468804497611,-6.718160898644994
0.7467467467467468,5.218322379430984,35.901393750639535,-19.931855835925298,7.75131601832044,30.37529717625676,60.09435575694299,-26.209915121491495,1.6386242349749516,5.216888785519739,34.8502929397862,-19.92932465421781,9.354768722972688,30.35934183073264,57.541299851820256,30.3534253950465,61.79277716319105,-32.49529467687015,-3.0319742361127986,36.65256394490057,64.50554307505455,-38.77467600340382,-6.571914209327958
0.7477477477477478,5.218319843714088,36.03468651795941,-19.9318313021655,7.8661676822951705,30.375257649788633,60.20765643185751,-26.20989974452067,1.7647146341112687,5.216889210124577,34.97437414194611,-19.929304444529286,9.48571459329955,30.359327586674105,57.65183507982966,30.353421469566168,61.95109246941953,-32.49527640169912,-2.9086880679510982,36.65253334657639,64.62861150640288,-38.774663993550774,-6.427837219218731
0.7487487487487487,5.218317324511934,36.17383759951605,-19.93180685505825,7.984387514459927,30.375218232674865,60.31996683261772,-26.20988442001373,1.8921796561006952,5.216889634211724,35.10158984857107,-19.92928430371187,9.61624558265508,30.35931338020647,57.761951903391086,30.35341754380157,62.10941481746422,-32.49525817517233,-2.7837643154206617,36.65250287382564,64.7569106901256,-38.774652015297406,-6.286404779472705
0.7497497497497497,5.218314821563646,36.31877579755085,-19.931782494014943,8.106935594315207,30.37517892474988,60.43252062632854,-26.20986914758144,2.021167427781065,5.216890057719522,35.232274376280174,-19.929264231331462,9.74641518193455,30.35929921126234,57.87291358910164,30.35341361789373,62.265886903572934,-32.495239997180626,-2.656834394702934,36.652472525422354,64.89090637251773,-38.77464006852439,-6.147870555962455
0.7507507507507507,5.218312334612948,36.468993200111804,-19.93175821845438,8.234553394852401,30.37513972584389,60.54657918718469,-26.20985392683962,2.151769520765673,5.21689048058769,35.366684165869536,-19.929244226958744,9.876417214931537,30.359285079772988,57.98598884735751,30.353409691980563,62.41878302195176,-32.49522186761367,-2.527557588640985,36.65244230015959,65.03077129225377,-38.77462815311265,-6.012308288754809
0.7517517517517518,5.21830986340809,36.6234928382701,-19.931734027802644,8.367709131059636,30.375100635782957,60.663382840928314,-26.20983875740904,2.284070616465117,5.216890902757303,35.50496932982415,-19.929224290169145,10.006573088913514,30.3592709856684,58.10241349186809,30.353405766196904,62.56668037190585,-32.49520378635999,-2.3956196148833904,36.65241219684913,65.17630016412397,-38.77461626894336,-5.879648738463618
0.7527527527527528,5.21830740770178,36.780799425681664,-19.931709921492963,8.50654712501431,30.37506165438909,60.78409732535343,-26.209823638915363,2.4181830743338115,5.216891324170772,35.64711665383619,-19.929204420542757,10.137285767187828,30.359256928877308,58.22333809203571,30.353401840674575,62.708594772131654,-32.49518575330696,-2.260754881054066,36.65238221432111,65.32684109733152,-38.77460441589798,-5.749699252810738
0.7537537537537538,5.218304967251111,36.939060199155044,-19.931685898965583,8.650846847892618,30.375022781480308,60.909750329955926,-26.209808570989058,2.5542496345664625,5.216891744771824,35.7928739775705,-19.92918461766426,10.268969424528521,30.35924290932721,58.349760967632946,30.35339791554244,62.84406249499246,-32.49516776834091,-2.122792764900101,36.65235235142376,65.4812726035819,-38.774592593858245,-5.622142741683797
0.7547547547547547,5.218302541817495,37.096242291064534,-19.931661959667647,8.800001742332798,30.37498401687076,61.041153758324704,-26.20979355326531,2.692406325917699,5.216892164505483,35.94167785773939,-19.929164881122848,10.401971360320408,30.359228926944432,58.482447611367235,30.353393990926463,62.97316395210037,-32.49514983134709,-1.9817211687467768,36.65232260702305,65.6380522962806,-38.77458080270618,-5.496521256475127
0.7557557557557557,5.218300131166594,37.250397890146104,-19.93163810305306,8.953029605584527,30.374945360370756,61.178811323833706,-26.209778585384,2.832711289595879,5.2168925833180495,36.09261564703198,-19.92914521051218,10.536505910797862,30.35921498165414,58.62183842724675,30.35339006694976,63.09649571529712,-32.49513194220973,-1.8377534765014896,36.652292980002414,65.79534804010734,-38.77456904232414,-5.372214943943773
0.7567567567567568,5.218297735068252,37.39993443350816,-19.931614328582384,9.108623442137034,30.37490681178688,61.32281905657697,-26.209763666989566,2.975059695192334,5.216893001157084,36.24445433491167,-19.929125605430286,10.672617593002396,30.359201073380383,58.76794902892909,30.353386143732656,63.21510223358709,-32.49511410081208,-1.691378524724827,36.652263469262415,65.9512379619856,-38.77455731259475,-5.248430189124728
0.7577577577577578,5.218295353296429,37.543816831118725,-19.931590635722703,9.265245175874579,30.37486837092205,61.47277760041067,-26.20974879773097,3.1191152183535285,5.216893417971386,36.39575538285368,-19.929106065479516,10.810182731853814,30.35918720204613,58.92027533917076,30.35338222139274,63.33037902928281,-32.49509630703642,-1.5433701044591401,36.652234073720486,66.10394231695093,-38.77454561340101,-5.124211201247846
0.7587587587587588,5.218292985629135,37.681653124490566,-19.93156702394752,9.421256459641953,30.374830037575613,61.62774618227646,-26.209733977261617,3.264289549476447,5.216893833710977,36.545066013079975,-19.92908659026647,10.948947536964045,30.359173367573273,59.07773076733502,30.353378300044906,63.44395806108013,-32.4950785607641,-1.394737211651687,36.65220479231062,66.25203854966449,-38.77453394462622,-4.99848619095356
0.7597597597597597,5.2182906318483635,37.81366065583789,-19.931543492736644,9.575072375765082,30.3747918115434,61.78627161503878,-26.209719205239285,3.409789949745198,5.216894248327081,36.69114344682749,-19.92906717940193,11.088590198459688,30.359159569882713,59.238657426714674,30.35337437980142,63.55758514157863,-32.495060861875565,-1.2466109332326176,36.65217562398308,66.39461576793553,-38.77452230615404,-4.870152323057158
0.7607607607607607,5.218288291740031,37.94054898333677,-19.931520041576057,9.725316664866105,30.374753692617816,61.94651341170679,-26.20970448132606,3.5547328718508027,5.2168946617721055,36.83314906627969,-19.9290478325008,11.228789142763194,30.359145808894336,59.40095128309053,30.353370460771963,63.67299875882364,-32.4950432102504,-1.1000851305290735,36.65214656770412,66.53134319563766,-38.77451069786847,-4.738194086757147
0.7617617617617618,5.218285965093909,38.063369499235534,-19.93149666995783,9.870954324192825,30.374715680587915,62.10645600259262,-26.209689805188265,3.6982971762203216,5.216895073999627,36.97075848126911,-19.929028549182043,11.36928005946172,30.35913208452707,59.56230892736014,30.35336654306368,63.79181854111356,-32.49502560576733,-0.9560475362647796,36.652117622455734,66.66245115508171,-38.77449911965388,-4.601819581800736
0.7627627627627628,5.218283651703565,38.18337208973082,-19.93147337738001,10.011381562320866,30.37467777523947,62.26416283412724,-26.209675176496393,3.8398743739397467,5.216895484964371,37.10416638079505,-19.929009329068617,11.509888502891313,30.359118396698904,59.7205491862439,30.353362626781244,63.91544941887695,-32.49500804830428,-0.815045851386807,36.652088787235336,66.78864386653431,-38.77448757139501,-4.460590314467541
0.7637637637637638,5.2182813513663,38.30189089170096,-19.9314501633465,10.146463223449144,30.37463997635504,62.41800729481104,-26.209660594925047,3.9791733035751418,5.216895894622194,37.23400194183989,-19.92899017178741,11.650531037699919,30.35910474532693,59.873919120588106,30.35335871202688,64.045004301664,-32.494990537738374,-0.6772241345685582,36.65206006105553,66.91097438542731,-38.77447605297695,-4.314514896787382
0.7647647647647647,5.218279063883084,38.42026594458776,-19.93142702736698,10.276519612395164,30.374602283714065,62.56682754475804,-26.20964606015287,4.116252764434162,5.216896302930068,37.361192809676346,-19.9289710769692,11.79118635731564,30.35909113032736,60.02129526414349,30.353354798900433,64.18124422732741,-32.494973073945985,-0.5423409346522748,36.65203144294382,67.03071196431081,-38.77446456428521,-4.164079100275882
0.7657657657657657,5.2182767890585,38.53979760297543,-19.931403968956776,10.402273565490912,30.37456469709291,62.70998839762427,-26.209631571862488,4.251480187809161,5.216896709846063,37.4868180205011,-19.92895204424856,11.931847873013732,30.35907755161555,60.162239212212526,30.35335088749941,64.32453160174991,-32.494955656802745,-0.4098536607458529,36.6520029319424,67.14922447047374,-38.77445310520567,-4.010196596126156
0.7667667667667668,5.218274526700682,38.66172350000219,-19.931380987636793,10.52477220070481,30.374527216264955,62.847367931917965,-26.209617129740437,4.385436279114641,5.216897115329329,37.61197949746706,-19.92893307326384,12.072476764979594,30.359064009106035,60.296928194949125,30.353346977919017,64.47479145744846,-32.49493828618358,-0.2790366175495453,36.651974527107825,67.26788813682195,-38.77444167562461,-3.8540848449979315
0.7677677677677678,5.218272276621259,38.787202741210734,-19.931358082933393,10.64529637079449,30.374489841000653,62.97930043894201,-26.209602733477112,4.518796500275853,5.21689751934008,37.73770781359642,-19.928914163657083,12.212974737821423,30.359050502712556,60.426018509359665,30.353343070252222,64.63147983001936,-32.49492096196274,-0.14909831135336693,36.65194622751083,67.3880271065226,-38.77443027542869,-3.697092470441879
0.7687687687687688,5.218270038635292,38.917290497564615,-19.93133525437832,10.765266715029716,30.374452571067614,63.10650172675716,-26.209588382766707,4.652219144269102,5.216897921839579,37.86490687700647,-19.928895315073973,12.353188302317804,30.35903703234808,60.55050058172398,30.3533391645898,64.79356752559285,-32.494903684013806,-0.019272909370976754,36.65191803223604,67.51087694757152,-38.77441890450501,-3.5405192100782554
0.7697697697697697,5.21826781256122,39.05288950658889,-19.93131250150858,10.88615107395421,30.374415406230657,63.229990687730286,-26.209574077307146,4.7862613829959475,5.216898322790121,37.99433490477097,-19.92887652716379,12.492945309950581,30.359023597924825,60.6715818854288,30.353335261020337,64.9595578296273,-32.49488645220974,0.11112636228079784,36.65188994038175,67.63755985604057,-38.77440756274107,-3.3854703403537743
0.7707707707707707,5.218265598220805,39.19467224113308,-19.93128982386638,11.009375533002927,30.37437834625189,63.35101248359737,-26.20955981680003,4.921334957320578,5.2168987221550145,38.126613419745865,-19.92885779957936,12.632114207708426,30.35901019935429,60.790607325340346,30.353331359630342,65.127560688757,-32.494869266422896,0.2426922161261936,36.651861951059686,67.7690556547218,-38.77439625002478,-3.232773256664521
0.7717717717717718,5.218263395439074,39.34297668803828,-19.93126722099902,11.136240370356685,30.374341390890773,63.47096535131079,-26.209545600950587,5.057704849592835,5.216899119898569,38.26225032454883,-19.928839131976964,12.77066923808234,30.358996836547274,60.90900825287649,30.353327460504232,65.29543703982065,-32.49485212652504,0.3759372945158237,36.65183406339475,67.90615358826999,-38.77438496624448,-3.082960545360244
0.7727727727727728,5.218261204044262,39.49768894714402,-19.9312446924588,11.267841491490259,30.37430453990418,63.59133182497661,-26.209531429467607,5.195526252233,5.2168995159860785,38.401658302513255,-19.928820524016334,12.908741257738772,30.358983509413903,61.02826386254173,30.3533235637244,65.46100559870641,-32.49483503238738,0.5113206288454308,36.65180627652482,68.04937647843492,-38.774373711288945,-2.9363016498519996
0.7737737737737738,5.218259023867764,39.65813776090041,-19.931222237802963,11.404996935767917,30.37426779304647,63.71361340251822,-26.20951730206338,5.334905718547617,5.2168999103838045,38.545149138176036,-19.92880197536058,13.0466351927882,30.35897021786365,61.14985958568327,30.353319669371253,65.62228009501662,-32.49481798388059,0.6492671578738465,36.65177858960051,68.19888078090896,-38.77436248504736,-2.792853432311889
0.7747747747747747,5.218256854744075,39.82303869794546,-19.931199856593572,11.548178008404323,30.37423115006956,63.83926487574128,-26.20950321845365,5.475963090821701,5.216900303058962,38.6928909536108,-19.92878348567613,13.184802761625672,30.35895696180536,61.2752320457909,30.353315777523253,65.77769113260597,-32.494800980874835,0.7901637803315094,36.651751001784945,68.3543514956939,-38.77435128740938,-2.652501991348763
0.7757757757757757,5.218254696510739,39.990532642960126,-19.931177548397457,11.697447711048882,30.374194610722967,63.96962175680387,-26.209489178357575,5.61886675030489,5.216900693979704,38.84482873338624,-19.9287650546327,13.323772032736995,30.358943741147264,61.405695859420476,30.35331188825695,65.9262512247152,-32.49478402323979,0.9343233099167736,36.65172351225355,68.51492553664748,-38.77434011826507,-2.514980176147179
0.7767767767767768,5.2182525490083,40.15835249789853,-19.93115531278612,11.85241553242863,30.37415817475388,64.10581312943668,-26.209475181497645,5.763820644294555,5.216901083115108,39.000585840234464,-19.928746681903224,13.46404945182042,30.358930555797027,61.542352002843586,30.353308001647044,66.06764028296766,-32.494767110844656,1.08191788495594,36.651696120193826,68.67918411707072,-38.77432897750496,-2.379859755099719
0.7777777777777778,5.218250412080248,40.324114658854505,-19.931133149335658,12.012223617097197,30.374121841907236,64.24865473328444,-26.209461227599643,5.9109976439355725,5.2169014704351575,39.15938127440604,-19.928728367163828,13.606019917339552,30.35891740566173,61.68597970183303,30.353304117766385,66.20221045429403,-32.4947502435582,1.2328938890158996,36.65166882480516,68.84524608579522,-38.77431786502,-2.2465284778937558
0.7787787787787788,5.218248285572969,40.48567666458346,-19.931111057626683,12.175579900498382,30.374085611925764,64.39852502576944,-26.2094473163926,6.060435411844717,5.2169018559107325,39.32000837434855,-19.92871011009376,13.74987263914096,30.358904290647924,61.836915195966895,30.35330023668605,66.33092370829509,-32.49473342124875,1.3868909348420135,36.65164162529858,69.01096731263074,-38.77430678070163,-2.11416909430124
0.7797797797797797,5.218246169335692,40.641460754257864,-19.931089037244252,12.340847422357577,30.374049484550056,64.5552410661228,-26.209433447608745,6.211930742001305,5.2169022395135904,39.480916187231024,-19.928691910375363,13.895573609302941,30.35889121066163,61.994926382889126,30.353296358475347,66.45524046333331,-32.49471664378425,1.5431961623462136,36.6516145208966,69.17421487813733,-38.77429572444171,-1.9817604245623346
0.7807807807807807,5.218244063220446,40.790648492357185,-19.93106708777779,12.506188296666298,30.37401345951862,64.71796859462712,-26.209419620983436,6.364977946617778,5.216902621216354,39.640406030594285,-19.92867376769402,14.042890967660941,30.358878165608363,62.15910829427682,30.353292483201887,66.5769765969403,-32.49469991103224,1.7007660020166901,36.65158751083298,69.33315627072757,-38.77428469613257,-1.848118961196804
0.7817817817817818,5.218241967082008,40.933206677206094,-19.93104520882101,12.669748662675843,30.373977536567946,64.88521312287287,-26.209405836255133,6.518789071581576,5.216903000992499,39.79690713738792,-19.928655681738103,14.191462401068781,30.35886515539317,62.327847930887465,30.353288610931592,66.6981441910072,-32.49468322285992,1.8583338649115646,36.65156059435255,69.48649705916179,-38.774273695667,-1.7119915538632011
0.7827827827827828,5.218239880777854,41.0697733008103,-19.931023399971853,12.829859168514442,30.37394171543255,65.0549328707131,-26.209392093165334,6.672407084271453,5.216903378816335,39.94925180604754,-19.928637652198947,14.340881445794706,30.358852179920618,62.49891877826452,30.35328474172874,66.82079013721054,-32.494666579134126,2.0145940418324972,36.65153377071101,69.6336174639035,-38.774262722938246,-1.5721961612217132
0.7837837837837838,5.218237804168113,41.20147183548985,-19.931001660832404,12.985217773162638,30.373905995845067,65.2247804203556,-26.209378391458554,6.824886619298793,5.216903754662997,40.096863072609196,-19.928619678770787,14.490776914457232,30.35883923909484,62.669738574007845,30.353280875655997,66.94684531327967,-32.49464997972138,2.1684199591413504,36.651507039174746,69.77459013467151,-38.77425177784003,-1.427791859425838
0.7847847847847848,5.2182357371155215,41.3297197951163,-19.930979991008833,13.135023213891872,30.37387037753626,65.39242665563593,-26.209364730882232,6.97548749609242,5.21690412850843,40.23980463453644,-19.928601761150723,14.640865027098876,30.35882633281953,62.83775392018058,30.35327701277446,67.07799408560618,-32.49463342448791,2.3190551539805138,36.65148039902063,69.9100949072013,-38.77424086026653,-1.2782452214270412
0.7857857857857857,5.218233679485378,41.45607157679184,-19.930958390111325,13.279039756226355,30.373834860235107,65.5558793532367,-26.209351111186734,7.123819428718641,5.216904500329374,40.37869924941002,-19.92858389903868,14.790962944454481,30.358813460997983,63.00084116266062,30.35327315314368,67.2155690723091,-32.494616913299645,2.4662206854312503,36.65145384953585,70.04126896080554,-38.77422997011237,-1.123551865931041
0.7867867867867868,5.218231631145495,41.58210929282467,-19.930936857754013,13.417591439523378,30.37379944366885,65.71371187897883,-26.20933753212528,7.269895761331238,5.2169048701033525,40.51456376424991,-19.92856609213737,14.94096395107789,30.3588006235331,63.15759373079937,30.353269296821697,67.36047014564866,-32.494600446022254,2.6101133590510712,36.65142739001772,70.16953659297839,-38.7742191072727,-0.9642745286791434
0.7877877877877878,5.218229591966159,41.709377789815946,-19.93091539355491,13.55149891041893,30.373764127563053,65.86516413287735,-26.209323993453896,7.414089181138781,5.216905237808659,40.64861985321263,-19.92854834015224,15.090788046523315,30.358787820327404,63.30742260771932,30.353265443865084,67.51310157049615,-32.49458402252115,2.751309658838446,36.65140101977353,70.2964543871894,-38.77420827164308,-0.8014763401956468
0.7887887887887888,5.218227561820082,41.839349034417275,-19.93089399713585,13.681978926094034,30.37372891164165,66.01013210817979,-26.2093104949314,7.557015315670245,5.216905603424344,40.782126366045254,-19.928530642791443,15.240332221521802,30.358775051283065,63.450486108524466,30.35326159432896,67.67332048698644,-32.494567642661536,2.8906190593036714,36.651374738120325,70.42359228181266,-38.774197463119584,-0.6365576407088176
0.7897897897897898,5.218225540582362,41.97339422835001,-19.930872668122426,13.810525501553283,30.37369379562698,66.14908942694997,-26.209297036319324,7.699386968217545,5.216905966930201,40.916258135734125,-19.928512999765793,15.389445326287214,30.35876231630191,63.58752519371169,30.353257748267033,67.84039704028457,-32.49455130630838,3.0289359649484737,36.651348544384774,70.55245520523503,-38.774186681598735,-0.47103593298949836
0.7907907907907907,5.218223528130439,42.11274091930832,-19.930851406143923,13.938786001028522,30.373658779239893,66.28298027133636,-26.209283617381892,7.841880159134242,5.216906328306758,41.05203842801964,-19.928495410788724,15.537942047432942,30.35874961528544,63.719685376438605,30.35325390573163,68.01300077169462,-32.49453501332646,3.16712658981965,36.65132243790299,70.68443642340785,-38.77417592697754,-0.30632724609663164
0.7917917917917918,5.218221524344053,42.258398311333316,-19.93083021083326,14.068439633899578,30.373623862199743,66.41310678523085,-26.209270237885978,7.985040712879886,5.216906687535257,41.19032015239901,-19.928477875576263,15.685654935850438,30.35873694813485,63.848374007283496,30.35325006677372,68.18924187255084,-32.49451876358039,3.305967393438304,36.65129641802035,70.82078393827233,-38.77416519915349,-0.14358354234483595
0.7927927927927928,5.218219529105204,42.41104520624212,-19.93080908182694,14.201082271364138,30.37358904422447,66.54102115398967,-26.209256897601055,8.1292458518342,5.216907044597651,41.33180161532767,-19.928460393846983,15.83250930894222,30.358724314751043,63.97516357574227,30.353246231442956,68.36679724924431,-32.494502556934584,3.446133212989599,36.65127048409136,70.96255712948798,-38.77415449802452,0.016384271586419696
0.7937937937937938,5.218217542298109,42.57088884284047,-19.93078801876498,14.338119773381338,30.373554325030657,66.66842624410467,-26.209243596299164,8.274722443678913,5.216907399476584,41.47705409913345,-19.928442965321977,15.978596373058295,30.358711715034637,64.10172692511131,30.353242399787685,68.54313172647242,-32.494486393253354,3.5882186090303523,36.651244635479486,71.11055459559493,-38.77414382348909,0.17310281752145165
0.7947947947947948,5.218215563809165,42.737518805636576,-19.930767021290855,14.480670348131408,30.373519704333543,66.7970850556089,-26.20923033375487,8.421610176336646,5.216907752155384,41.62653340961612,-19.928425589724796,16.124216655541296,30.358699148885993,64.22978225879369,30.353238571855,68.71578940687881,-32.49447027240085,3.73276686191691,36.65121887155697,71.26520668089547,-38.77413317544608,0.32638484288445674
0.7957957957957957,5.21821359352691,42.90979856678403,-19.930746089051457,14.62947490031705,30.373485181847116,66.9287352574192,-26.20921710974523,8.5700431624391,5.216908102618049,41.780550895282644,-19.92840826678145,16.269871220784665,30.35868661620522,64.36102913111908,30.353234747690745,68.88269830946533,-32.494454194241115,3.8802801600738825,36.65119319170473,71.42644586328511,-38.77412255379491,0.4762710769318132
0.7967967967967968,5.218211631341979,43.08585333171695,-19.930725221697028,14.78481581653824,30.373450757284125,67.0650007300629,-26.209203924049735,8.720212692834442,5.216908450849236,41.939193924218586,-19.928390996220347,16.416193159182875,30.358674116892193,64.49706453279019,30.353230927339553,69.04242270271583,-32.4944381586381,4.031192555217606,36.65116759531215,71.59359049260962,-38.77411195843543,0.6229955255333366
0.7977977977977978,5.218209677147072,43.2632117469858,-19.930704418881103,14.946451668826661,30.37341643035615,67.20728920023018,-26.209190776450303,8.872375678011151,5.216908796834248,42.10220866040767,-19.928373777772276,16.563832318624137,30.358661650846567,64.63927590209943,30.35322711084488,69.1943164778569,-32.494422165455646,4.185800930715203,36.65114208177699,71.76529385008433,-38.774101389267976,0.7669839015749688
0.7987987987987988,5.218207730836913,43.43912214045271,-19.930683680260483,15.113584957543564,30.373382200773648,67.35666637797911,-26.209177666731215,9.026791525599767,5.2169091405590216,42.26888321067276,-19.92835661117036,16.713324001595893,30.35864921796779,64.78871272056915,30.353223298249016,69.33856368325016,-32.49440621455756,4.344164263064155,36.6511166505052,71.93960917910104,-38.77409084619338,0.9088762785177056
0.7997997997997998,5.218205792308216,43.610990883240525,-19.93066300549514,15.284884512715825,30.37334806824598,67.51370548975808,-26.209164594679088,9.183599870846969,5.216909482010121,42.43798933656032,-19.92833949615002,16.864980107449924,30.35863681815512,64.9459403905743,30.35321948959312,69.47611977927897,-32.494390305807556,4.505996522641735,36.651091300910785,72.11419351761478,-38.77408032911294,1.0495531830720917
0.8008008008008007,5.218203861459644,43.77681784773106,-19.930642394248213,15.458578392221593,30.37331403248148,67.67832875934995,-26.209151560082848,9.342681925601788,5.2169098211747205,42.607843959319396,-19.92832243244897,17.01883554753282,30.358624451307627,65.11088493559794,30.353215684917235,69.60857951622427,-32.494374439069325,4.670592651725029,36.65106603241567,72.28662489323807,-38.77406983792843,1.1901384909330444
0.8018018018018018,5.218201938191778,43.93548839647828,-19.93062184618593,15.632619326404338,30.37328009318748,67.8496820240164,-26.20913856273368,9.503566498312228,5.216910158040597,42.77652220875966,-19.92830541980715,17.174664489735225,30.35861211732422,65.282694615029,30.353211884260332,69.73799767046184,-32.494358614206526,4.836833065571437,36.65104084444957,72.45476176006082,-38.7740593725421,1.3319529899597526
0.8028028028028028,5.218200022407079,44.08684534845659,-19.93060136097757,15.804907986937716,30.37324625007037,68.02610463799243,-26.20912560242501,9.66543608583501,5.216910492596118,42.94218988583415,-19.92828845796672,17.332056310596922,30.358599816103652,65.45967629577663,30.353208087660317,69.86668544342771,-32.49434283108279,5.003298442654818,36.65101573644983,72.61705488208584,-38.77404893285668,1.4764022525351437
0.8038038038038038,5.218198114009854,44.23156467376756,-19.930580938295417,15.973542445564888,30.373212502835624,68.20525457542948,-26.20911267895245,9.827254245603962,5.216910824830231,43.103455589808725,-19.928271546672015,17.490521369274056,30.35858754754453,65.63938707485715,30.353204295154057,69.99700283450092,-32.494327089561764,5.1684894963831916,36.65099070786132,72.77273821362301,-38.77403851877537,1.6248017005528754
0.8048048048048048,5.218196212906222,44.370925573954636,-19.93056057781471,16.137049613289147,30.373178851187863,68.38440597897714,-26.20909979211378,9.9879839223667,5.216911154732452,43.25962086752342,-19.92825468566953,17.649591096607352,30.358575311545337,65.81893418167712,30.35320050677741,70.13116502437498,-32.49431138950709,5.331099548378448,36.65096575813629,72.92186678528579,-38.77402813020186,1.7781651722828937
0.8058058058058059,5.218194319004081,44.50656887651347,-19.9305402792136,16.294554500407468,30.373145294830877,68.5608615491097,-26.20908694170891,10.146823423665127,5.216911482292857,43.41075203781837,-19.928237874707868,17.80888458100432,30.358563108004432,65.99544376901439,30.35319672256524,70.27107636891819,-32.49429573078244,5.490256501932559,36.65094088673423,73.06521731646926,-38.774017767040306,1.9370035796243068
0.8068068068068068,5.218192432213075,44.64030082516367,-19.9305200421731,16.445859457375953,30.37311183346769,68.73236040495347,-26.209074127539857,10.303377046029416,5.216911807502068,43.557577919360305,-19.928221113537735,17.96812762173637,30.35855093682007,66.16655410050262,30.35319294255145,70.41819824806511,-32.49428011325151,5.6456564694392295,36.65091609312178,73.2041018824258,-38.77400742919532,2.1011903334498947
0.8078078078078078,5.218190552444559,44.77395977473552,-19.93049986637705,16.59143066711908,30.37307846680056,68.89736402787247,-26.20906134941068,10.457706536536424,5.216912130351248,43.70127954228531,-19.928204401911906,18.127126466070436,30.358538797890407,66.33076015098102,30.353189166768985,70.57344821035781,-32.49426453677806,5.797554892317759,36.65089137677256,73.34015532235229,-38.773997116572026,2.2699427284589744
0.8088088088088088,5.218188679611572,44.909337358410625,-19.93047975151208,16.732310386011097,30.37304519453108,69.05516949002012,-26.20904860712751,10.610260090875347,5.216912450832084,43.84325346781107,-19.92818773958516,18.285715934237885,30.35852669111352,66.48751742293204,30.353185395249877,70.73712144384506,-32.494249001225896,5.946638577759732,36.6508667371671,73.47514551535362,-38.77398682907598,2.441939271795131
0.8098098098098098,5.218186813628799,45.04813085811778,-19.930459697267537,16.869982701973903,30.373012016360157,69.20587566385413,-26.209035900498453,10.761719572774291,5.216912768936784,43.98491014409213,-19.92817112631433,18.443713542974425,30.3585146163874,66.63713678476351,30.353181628025247,70.9088274174015,-32.49423350645889,6.093840759454297,36.65084217379266,73.61083301488243,-38.77397656661323,2.615548788095767
0.8108108108108109,5.218184954412548,45.191896410789056,-19.930439703335487,17.006218159009574,30.372978931988087,69.35026361002049,-26.2090232293336,10.912825046243883,5.216913084658062,44.12753797692903,-19.928154561858193,18.600908804892587,30.35850257360999,66.78057680306964,30.353177865125335,71.08744855076824,-32.494218052341,6.2401652887918395,36.65081768614317,73.74888275520848,-38.77396632909031,2.78910690373493
0.8118118118118118,5.218183101880712,45.34197476600756,-19.930419769410644,17.142914477819325,30.37294594111458,69.48964468478103,-26.209010593444983,11.064228681077871,5.2169133979891305,44.27223864175106,-19.9281380459775,18.757100429031734,30.35849056267917,66.91923499279278,30.353174106579516,71.27114953003844,-32.49420263873627,6.386564414083409,36.65079327371908,73.8908109907981,-38.77395611641418,2.9611601311574236
0.8128128128128128,5.218181255952744,45.499372843611546,-19.93039989519034,17.281943155860652,30.3729130434388,69.62570721674162,-26.20899799264655,11.216410780333694,5.21691370892369,44.419921591621765,-19.92812157843493,18.912172895394487,30.358478583492783,67.05478912861696,30.353170352416317,71.45747989773724,-32.49418726550886,6.533885103640402,36.65076893602726,74.03793855595715,-38.77394592849231,3.1306166259906467
0.8138138138138138,5.218179416549626,45.664601951380455,-19.93038008037449,17.425007385788664,30.3728802386594,69.76037526218647,-26.20898542675414,11.369670461724883,5.216914017455921,44.571331795756706,-19.928105158995045,19.066186291214517,30.35846663594864,67.18909036408657,30.35316660266345,71.6436005920341,-32.49417193252304,6.682872604338238,36.650744672580885,74.19132025443969,-38.7739357652326,3.2967866137098274
0.8148148148148148,5.2181775835938415,45.837494565954984,-19.930360324665553,17.573513787182176,30.372847526474565,69.8956831699197,-26.20897289558544,11.5241839588375,5.216914323580473,44.72707433513923,-19.92808878742431,19.219443438760603,30.358454719944515,67.3240839009613,30.3531628573478,71.82662312448285,-32.49415663964318,6.834201331213216,36.65072048289933,74.35163190076685,-38.773925626543445,3.4593412675861583
0.8158158158158159,5.218175757009344,46.01704643894823,-19.93034062776849,17.728457310978772,30.37281490658204,70.03366266778502,-26.208960398959977,11.680102063069874,5.2169146272924545,44.887598672300214,-19.92807246349103,19.372499781345184,30.35844283537819,67.46172940711878,30.353159116495497,72.00399850891951,-32.49414138673381,6.988496000470907,36.650696366508065,74.51902021211916,-38.77391551233368,3.6182431151279446
0.8168168168168168,5.218173936721531,46.20135637572563,-19.930320989390733,17.89031809163623,30.372782378679165,70.17623257433623,-26.208947936699072,11.837639330699705,5.216914928587426,45.05312018107349,-19.92805618696535,19.526097427970523,30.358430982147432,67.60390200763096,30.353155380131863,72.17386519785141,-32.49412617365959,7.146312641393701,36.65067232293854,74.69295127031755,-38.77390542251262,3.773695104648876
0.8178178178178178,5.218172122657217,46.3877454440506,-19.930301409242144,18.058975874222966,30.37274994246292,70.32507635249353,-26.208935508625828,11.997103820901597,5.2169152274613895,45.223485465469814,-19.9280399576192,19.681031964210202,30.358419160150007,67.75226607237056,30.3531516482815,72.33527963733687,-32.49411100028533,7.308066473099868,36.65064835172809,74.87212030766923,-38.773895356990025,3.9261294625012777
0.8188188188188188,5.218170314744607,46.57310208180539,-19.930281887034987,18.23366076732444,30.372717597629947,70.48149286696453,-26.208923114565092,12.158836205705295,5.216915523910782,45.398023004781585,-19.9280237752263,19.83798783683209,30.358407369283707,67.9081223974149,30.353147920968254,72.48829726562617,-32.49409586647601,7.4739145382944665,36.65062445241982,75.05449274688716,-38.773885315676125,4.0762297371535965
0.8198198198198198,5.218168512913268,46.75440763081218,-19.930262422483885,18.41296814394495,30.372685343876583,70.6462151816697,-26.208910754343435,12.323066568480359,5.216915817932461,45.575451371586276,-19.928007639562143,19.99739301199151,30.358395609446337,68.07223301918499,30.353144198215272,72.63391586805152,-32.49408077209677,7.643621937981149,36.65060062456253,75.23751813718597,-38.773875298481606,4.224960814383175
0.8208208208208209,5.218166717094103,46.92928925966038,-19.9302430153058,18.594960694504945,30.372653180898904,70.8192146291025,-26.208898427789126,12.489740622336818,5.216916109523702,45.753928211403306,-19.927991550403934,20.159339481157193,30.35838388053574,68.2446327552523,30.353140480044974,72.77391630260021,-32.494065717012944,7.816460892929206,36.650576867710605,75.41849720318761,-38.77386530531761,4.3735723775001505
0.8218218218218218,5.218164927219329,47.09640793818713,-19.930223665219987,18.777363103455624,30.372621108392742,70.99954094718875,-26.208886134732108,12.658395353076369,5.216916398682189,45.931291479302814,-19.92797550753062,20.323593078685203,30.358372182449795,68.42445684290675,30.35313676647911,72.91063829984385,-32.49405070109004,7.99120339350195,36.65055318142392,75.59501701347693,-38.773855336095714,4.523540903112295
0.8228228228228228,5.218163143222445,47.255565667544325,-19.93020437194797,18.95783217235274,30.372589126053743,71.18528008685622,-26.208873875003967,12.828159274377214,5.216916685406,46.10546127717449,-19.927959510722804,20.48968203217255,30.358360515086428,68.60985566972707,30.353133057538766,73.04672382337883,-32.494035724193765,8.166253429942651,36.650529565267725,75.76533746234331,-38.77384539072798,4.67642815514404
0.8238238238238238,5.218161365038215,47.407555658861995,-19.93018513521349,19.13426198384974,30.372557233577353,71.37371120402196,-26.208861648437914,12.997906623537594,5.216916969693607,46.27487471615385,-19.927943559762788,20.65702520300148,30.358348878343623,68.7981011275267,30.353129353244356,73.18485612984693,-32.494020786190035,8.339915390911873,36.65050601881259,75.92862944822858,-38.77383546912689,4.833661415987911
0.8248248248248248,5.218159592602638,47.55387656004209,-19.930165954742524,19.30506581910049,30.372525430658897,71.56168675777982,-26.20884945486876,13.16652366783066,5.216917251543862,46.438791076053896,-19.927927654434512,20.825052952580904,30.358337272119428,68.98595506787659,30.353125653615663,73.3275189195545,-32.49400588694497,8.51072975709779,36.650482541634304,76.08501951026814,-38.77382557120539,4.99627417136422
0.8258258258258259,5.218157825852927,47.69643682974725,-19.93014683026319,19.469376227507535,30.372493716993574,71.74615544405978,-26.20883729413289,13.333187712632611,5.216917530955992,46.59736629234376,-19.92791179452355,20.993285487257076,30.35832569631196,69.17024489661964,30.353121958671853,73.47679310787086,-32.49399102632492,8.677764240651918,36.65045913331375,76.23546092909918,-38.77381569687687,5.1646731477469405
0.8268268268268268,5.218156064727484,47.837321905160366,-19.930127761505773,19.627127738604802,30.37246209227651,71.924664243097,-26.208825166068245,13.497551674911284,5.216917807929589,46.75150816903974,-19.927895979817077,21.161353800624987,30.35831415081941,69.34845144515185,30.35311826843147,73.63419769645611,-32.49397620419646,8.840759669737288,36.65043579343688,76.38149902053667,-38.77380584605517,5.338506973374419
0.8278278278278278,5.218154309165877,47.97864106695084,-19.93010874820265,19.779021734849184,30.37243055620277,72.09568635172583,-26.208813070514285,13.659773761397245,5.216918082464602,46.902606107658194,-19.92788021010386,21.32897033689749,30.358302635540067,69.51908870209469,30.353114582912465,73.8005690387726,-32.49396142042639,9.000094075672244,36.650412521594575,76.52501147171031,-38.773796018654544,5.516693370264052
0.8288288288288288,5.218152559108819,48.12243635365222,-19.930089790088296,19.92640093119221,30.372399108467388,72.25872024612794,-26.208801007311987,13.82040232940256,5.216918354561333,47.052243869257964,-19.927864485174236,21.495877789166734,30.358291150372303,69.68177860152336,30.353110902132208,73.97596649419253,-32.493946674881755,9.156606987949717,36.650389317382576,76.66798630343645,-38.77378621458972,5.697613655740144
0.8298298298298298,5.218150814498143,48.27061844839455,-19.93007088689924,20.0710709805139,30.37236774876541,72.41420694832819,-26.20878897630381,13.980179349368594,5.2169186242204235,47.20197094047177,-19.927848804820087,21.661815516714977,30.358279695214595,69.83708778978036,30.3531072261075,74.15960073278139,-32.493931967429866,9.311371593101832,36.65036618040142,76.81236653522564,-38.77377643377585,5.879421519642618
0.8308308308308309,5.218149075276784,48.424889598318245,-19.930052038374047,20.215101331852253,30.3723364767919,72.56335114775538,-26.208776977333677,14.139840334854693,5.216918891442852,47.353164706277475,-19.92783316883483,21.826534161151038,30.35826826996552,69.98627099397365,30.353103554854588,74.34980599366789,-32.493917297938275,9.465498222731998,36.650343110256344,76.95995680704493,-38.77376667612853,6.060368629144156
0.8318318318318318,5.218147341388753,48.58662215220171,-19.930033244253273,20.360626332398162,30.37230529224199,72.70791472520095,-26.20876501024695,14.299971528928216,5.216919156229922,47.506981761315416,-19.927817577013393,21.989864221376735,30.35825687452378,70.13103663475543,30.353099888389178,74.54410565654743,-32.4939026662748,9.620016689686887,36.6503201065572,77.11236186067913,-38.77375694156377,6.239048922577679
0.8328328328328328,5.218145612779118,48.75668125578405,-19.93001450427946,20.50965865605632,30.37227419481088,72.8500196705072,-26.208753074890417,14.46095671144294,5.21691941858326,47.66437251016445,-19.927802029152197,22.151816975736722,30.358245508788183,70.2733773319054,30.35309622672643,74.73942424850232,-32.49388807230753,9.775842792257931,36.6502971689184,77.27091565230923,-38.77374722999804,6.414508508565957
0.8338338338338338,5.218143889393985,48.93520693829317,-19.929995818197092,20.663921518216284,30.37224318419388,72.99197439847852,-26.20874117111226,14.623017346894441,5.216919678504803,47.82611501503782,-19.927786525049136,22.31267626626098,30.35823417265767,70.41545132386084,30.353092569881007,74.93245879793075,-32.493873515904816,9.933800277838314,36.65027429695879,77.43656709285267,-38.77373754134821,6.586233329491619
0.8348348348348348,5.218142171180474,49.12140298651005,-19.929977185752584,20.824700957850666,30.37221226008644,73.13612311006924,-26.208729298762044,14.786319680087127,5.216919935996795,47.99281635503302,-19.927771064503563,22.473033538125023,30.358222866031326,70.55947974542944,30.353088917867055,75.12015149407335,-32.49385899693531,10.09465088267956,36.65025149030165,77.60971424910652,-38.773727875531605,6.754074907185436
0.8358358358358359,5.218140458086702,49.313416375783284,-19.92995860669425,20.992715876060117,30.372181422184163,73.28470705922444,-26.208717457690703,14.951092758001947,5.216920191061776,48.164842045375956,-19.927755647316275,22.633732265879623,30.358211588808352,70.70762951183497,30.35308527069823,75.30014939280683,-32.493844515267945,10.259086719935596,36.65022874857454,77.79001786117274,-38.77371823246596,6.9181816176058515
0.8368368368368369,5.218138750061763,49.50841501651365,-19.929940080772266,21.168008481418813,30.372150670182823,73.43971859061902,-26.2087056477505,15.117687658759165,5.216920443702581,48.342168334632504,-19.927740273289487,22.795721063141496,30.358200340888104,70.86186631658838,30.353081628387702,75.471136300166,-32.49383007077194,10.427659223702747,36.650206071409286,77.97626505003795,-38.773708612069434,7.078974155267977
0.8378378378378378,5.2181370470557065,49.70294469936917,-19.929921607738684,21.34987376472525,30.372120003778413,73.60272687951695,-26.208693868795024,15.286527025421911,5.216920693922329,48.52419876839954,-19.927724942226828,22.9598537891235,30.358189122170092,71.02377553427601,30.35307799094818,75.63297493742272,-32.49381566331682,10.600646926223302,36.65018345844189,78.16637415846714,-38.773699014260615,7.2371647627166436
0.8388388388388388,5.21813534901952,49.89353867944776,-19.929903187347364,21.53686188640994,30.37208942266715,73.7746640449883,-26.208682120679168,15.457943853742108,5.216920941724416,48.70963084827062,-19.92770965393331,23.126700630731623,30.35817793255398,71.1943554238863,30.35307435839189,75.7866634060064,-32.49380129277241,10.77789291176128,36.65016090931243,78.3576074002567,-38.7736894389585,7.393791288672369
0.8398398398398398,5.218133655905112,50.0774034556301,-19.92988481935398,21.72688552204896,30.372058926545495,73.95558744169406,-26.208670403259102,15.631968647187113,5.216921187112509,48.89648145220958,-19.92769440821532,23.296434065441606,30.358166771939583,71.37379199231135,30.35307073073063,75.93415034702429,-32.49378695900885,10.958671030939795,36.65013842366507,78.54698411823549,-38.773679886082505,7.550222603367808
0.8408408408408409,5.2181319676652915,50.252927050705686,-19.92986650351598,21.91744311881836,30.37202851511019,74.14447802550362,-26.20865871639228,15.808166650152858,5.216921430090541,49.08234943652218,-19.927679204880608,23.46882599991459,30.358155640226897,71.56124696155719,30.35306710797575,76.07806125484693,-32.493772661896585,11.14165940295429,36.65011600114789,78.73179804087164,-38.77367035555247,7.708089801501335
0.8418418418418419,5.218130284253749,50.41983907146392,-19.92984823959258,22.10593922980553,30.37199818805827,74.33917869871591,-26.208647059937388,15.985625457731356,5.216921670662703,49.264890408542485,-19.92766404373826,23.643347058471985,30.358144537316083,71.75474267640014,30.353063490138172,76.22138124755091,-32.493758401306394,11.325086028241053,36.65009364141291,78.91009071452102,-38.773660847288625,7.869113625109941
0.8428428428428428,5.218128605625043,50.57903900267644,-19.929830027344728,22.290051954516954,30.37196794508709,74.53658164140406,-26.20863543375434,16.163134564946237,5.21692190883344,49.44234659660152,-19.927648924598696,23.819318932695683,30.35813346310748,71.95127643935727,30.3530598772284,76.3671324861086,-32.49374417710936,11.507048396693426,36.65007134411596,79.08094838419942,-38.773651361211634,8.034835603770638
0.8438438438438438,5.218126931734578,50.73224897576222,-19.92981186653509,22.468072581072477,30.37193778589432,74.73309966097516,-26.20862383770427,16.33950291797255,5.216922144607438,49.6139187003537,-19.92763384727364,23.99605889530545,30.3581224175016,72.14725863804124,30.35305626925653,76.51807856473022,-32.49372998917692,11.685920070055952,36.650049108916654,79.24455856330454,-38.773641897242555,8.206306700212984
0.8448448448448448,5.218125262538593,50.8816571397757,-19.92979375692803,22.639141034614248,30.371907710178025,74.9253155860127,-26.20861227164951,16.513884235230975,5.216922377989628,49.77984629896311,-19.92761881157612,24.172972752207485,30.358111400399164,72.33920500289021,30.35305266623226,76.67647814044733,-32.493715837380826,11.860698271726825,36.65002693547833,79.40204983892048,-38.77363245530286,8.383822752831424
0.8458458458458459,5.21812359799414,51.02964332152107,-19.929775698289586,22.80333197959817,30.37187771763662,75.1105915166733,-26.208600735453576,16.6859748357708,5.216922608985171,49.94121591124445,-19.92760381732045,24.349580813233683,30.35810041170106,72.52442970761271,30.35304906816489,76.84389434584956,-32.49370172159317,12.031163900246957,36.65000482346796,79.55520346399265,-38.77362303531441,8.566802973352829
0.8468468468468469,5.218121938059068,51.178602189079406,-19.929757690387444,22.961593865516548,30.37184780796893,75.28744062900377,-26.20858922898113,16.85601755654104,5.216922837599457,50.09962437584266,-19.927588864322196,24.52548973883268,30.358089451308384,72.70146357202204,30.353045475063336,77.02105068621111,-32.49368764168639,12.197815258799803,36.64998277255611,79.70614213301835,-38.773613637199475,8.753873868429308
0.8478478478478478,5.21812028269201,51.33083448267637,-19.929739732990928,23.115579288760127,30.371817980874187,75.45560342470516,-26.20857775209798,17.024639513487426,5.216923063838097,50.25683825558606,-19.927573952398195,24.70034770718917,30.35807851912243,72.8700974069104,30.353041886936165,77.20771961696026,-32.49367359753328,12.361640777921936,36.64996078241687,79.85707398888022,-38.77360426088072,8.943149006585545
0.8488488488488488,5.2181186318523665,51.48845777702658,-19.929721825870985,23.26741581580464,30.37178823605207,75.61590338418657,-26.208566304671088,17.19261368807793,5.216923287706919,50.41454041421393,-19.92755908136651,24.873829327269128,30.3580676150447,73.03115902570212,30.353038303791557,77.40264818870394,-32.49365958900697,12.523848441696098,36.649938852727814,80.01012200228034,-38.77359490628122,9.132614972300052
0.8498498498498498,5.218116985500287,51.65328777176473,-19.929703968800148,23.419457480685544,30.3717585732027,75.7699981067771,-26.20855488656851,17.36064202792308,5.21692350921196,50.57419548720016,-19.927544251046452,25.04567992552714,30.3580567389769,73.18620868056978,30.353034725637343,77.60356293548396,-32.49364561598094,12.685653398959452,36.64991698316992,80.16722279041655,-38.77358557332441,9.320491397100142
0.8508508508508509,5.218115343596658,51.82665836502399,-19.929686161552535,23.574042754816464,30.37172899202668,75.92011226580668,-26.20854349765941,17.529228362103215,5.216923728359463,50.73702074129343,-19.927529461258523,25.21581473498373,30.35804589082095,73.33727906333547,30.353031152481016,77.80732518204799,-32.49363167832904,12.84817071695359,36.649895173427545,80.3300485491833,-38.77357626193415,9.505456498435493
0.8518518518518519,5.218113706103088,52.009179328880634,-19.929668403903815,23.733273842432116,30.3716994922251,76.06879513805673,-26.208532137814032,17.69866954632593,5.216923945155868,50.904016652570554,-19.927514711824433,25.384434784813884,30.35803507047899,73.48669015107693,30.35302758432972,78.01028863476586,-32.49361777592548,13.01240290591276,36.649873423188325,80.49989947991011,-38.77356697203468,9.686706016101786
0.8528528528528528,5.21811207298189,52.20046962356905,-19.929650695631207,23.89882384258263,30.37167007349955,76.21871430087857,-26.208520806903692,17.86915195168382,5.21692415960781,51.07599148990561,-19.92750000256708,25.552100967183797,30.35802427785338,73.6369089461714,30.35302402119027,78.20883228743436,-32.493603908644836,13.17927139316576,36.64985173214317,80.6775352925459,-38.7735577035506,9.863895142894464
0.8538538538538538,5.218110444196071,52.39895175851763,-19.929633036513444,24.071770576455414,30.371640735552152,76.3724769568647,-26.20850950480076,18.040897077792046,5.216924371722113,51.253516671575355,-19.927485333310536,25.719711330395928,30.358013512846707,73.7904110314505,30.35302046306916,78.39994730432554,-32.49359007636205,13.349628011408486,36.64983009998617,80.86295891517258,-38.773548456406935,10.037051201270234
0.8548548548548548,5.2181088197093155,52.60183700394037,-19.92961542633077,24.25245533738317,30.37161147808556,76.53245653408862,-26.20849823137864,18.214268533677956,5.216924581505784,51.436783540294336,-19.927470703880033,25.888360033529743,30.35800277536178,73.94951470519594,30.353016909972578,78.58171717646816,-32.493576278952425,13.524199128447117,36.649808526414574,81.0552205103392,-38.77353923052906,10.206525183974454
0.8558558558558559,5.218107199485972,52.80543005651074,-19.929597864864917,24.440380151296388,30.371582300802984,76.70059574698149,-26.208486986511776,18.389759414789598,5.216924788966004,51.625389925785385,-19.927456114101957,26.059108278819604,30.357992065301644,74.11617797536697,30.353013361906378,78.75357602683296,-32.493562516291654,13.703449984593652,36.64978701112872,81.25235123494359,-38.773530025842746,10.372999767891017
0.8568568568568569,5.21810558349104,53.00577932480614,-19.929580351899087,24.63418029536058,30.37155320340822,76.87816415852294,-26.208475770075612,18.56783373648006,5.2169249941101326,51.81814730621807,-19.927441563803825,26.232741053497293,30.35798138256958,74.29176123503211,30.353009818876146,78.9163206716129,-32.4935487882558,13.887395205054604,36.649765553832,81.45152960566853,-38.77352084227413,10.537526843063562
0.8578578578578578,5.218103971690157,53.199506020060674,-19.92956288721794,24.831715879452418,30.371524185605622,77.06547675659655,-26.208464581946593,18.748675735198802,5.216925196945693,52.01304304322809,-19.927427052814284,26.409595675721132,30.35797072706911,74.4767640540686,30.35300628088714,79.07192334470544,-32.49353509472131,14.075419425071294,36.64974415423079,81.6495072822025,-38.77351167974973,10.701543021554448
0.8588588588588588,5.218102364049584,53.38449600516416,-19.929545470607575,25.030305367937782,30.37149524710018,77.26163355100765,-26.208453422002155,18.931967481405163,5.216925397480373,52.20747838466665,-19.927412580963093,26.589521494406892,30.357960098703995,74.67056362389441,30.35300274794436,79.2232155802014,-32.49352143556501,14.266204039629187,36.649722812034426,81.84320380080631,-38.77350253819644,10.86680446471895
0.8598598598598598,5.2181007605361955,53.560189381360736,-19.929528101855514,25.227086621242144,30.371466387597476,77.46440263684971,-26.208442290120697,19.116829431949224,5.216925595722017,52.39879156127822,-19.927398148081114,26.771973734556497,30.357949497378243,74.87124105858457,30.352999220052517,79.37350673594457,-32.49350781066411,14.457853228083728,36.64970152695514,82.03029333469848,-38.77349341754151,11.035197838075558
0.8608608608608609,5.218099161117463,53.72743530036376,-19.92951078075068,25.419450155941245,30.371437606803724,77.67039265197138,-26.20843118618158,19.30199552394387,5.216925791678625,52.58489890611687,-19.9273837540003,26.95618695972247,30.357938922996112,75.07565444375267,30.35299569721604,79.52618925794634,-32.49349421989622,14.648243497178614,36.64968029870803,82.2096042568128,-38.77348431771256,11.208429590774056
0.8618618618618619,5.218097565761447,53.88809239770219,-19.929493507083404,25.60545350492739,30.371408904425788,77.87558387475666,-26.20842011006512,19.486172324922926,5.216925985358341,52.764781553846376,-19.92736939855368,27.141350553749152,30.35792837546211,75.27989829586286,30.3529921794391,79.6843740245287,-32.49348066313933,14.835504658846377,36.649659127010985,82.38122993100883,-38.77347523863759,11.387657942372076
0.8628628628628628,5.218095974436781,54.04459643704712,-19.929476280645375,25.784116764527536,30.371380280171188,78.07610769889374,-26.20840906165255,19.668423888902733,5.216926176769459,52.93862183659963,-19.927355081575353,27.326728287912047,30.357917854680995,75.48009874637636,30.352988666725594,79.85058592974099,-32.493467140271825,15.018450952369596,36.64963801158468,82.54636305842843,-38.773466180244945,11.573181077960967
0.8638638638638638,5.2180943871126635,54.199624174212175,-19.929459101229657,25.955535332634902,30.37135173374811,78.26900056654961,-26.208398040826037,19.848408548208994,5.216926365920407,53.1075922290658,-19.92734080290048,27.511701759626217,30.357907360557792,75.67324554308271,30.35298515907918,80.02652903341705,-32.49345365117249,15.196791034068909,36.64961695215249,82.7069591979299,-38.773457142463336,11.764303799696965
0.8648648648648649,5.218092803758844,54.35587584786269,-19.929441968630652,26.120808091039592,30.371323264865428,78.45266637493572,-26.20838704746865,20.026381255086783,5.216926552819751,53.27345530690117,-19.92732656236526,27.695753014944394,30.35789689299778,75.857706743005,30.352981656503253,80.21290998623266,-32.493440195720495,15.37105861191215,36.6495959484405,82.86536538589739,-38.77344812522184,11.95945713672244
0.8658658658658659,5.218091224345611,54.51593690310105,-19.929424882644113,26.281828838216626,30.37129487323271,78.6269612457609,-26.20837608146436,20.202998490436425,5.216926737476186,53.43815825184013,-19.92731235980694,27.878430255009402,30.357886451906506,76.03328821478229,30.352978159000976,80.40930469499018,-32.49342677379543,15.54234404629565,36.64957500017739,83.02401626697423,-38.77343912844987,12.156548375433065
0.8668668668668669,5.218089648843781,54.6821565213914,-19.929407843067096,26.441004263541693,30.371266558560233,78.79299717546284,-26.20836514269802,20.379041806862737,5.216926919898534,53.60353993824184,-19.927298195063788,28.059349733561483,30.35787603718977,76.20097144608418,30.352974666575264,80.61408101627032,-32.493413385277265,15.711977716046478,36.649554107094474,83.1852350699575,-38.77343015207722,12.353417502426115
0.8678678678678678,5.218088077224693,54.85648395409181,-19.92939084969797,26.60095058419335,30.371238320558987,78.95281923401978,-26.208354231055356,20.555181763504905,5.21692710009574,53.771187436110715,-19.927284067975087,28.238264498005535,30.357865648753656,76.36255901847836,30.35297117922881,80.82444050898879,-32.493400030046395,15.881292121784623,36.6495332689256,83.351114439736,-38.77342119603401,12.54823325236465
0.8688688688688688,5.218086509460189,55.04022973988616,-19.92937390233639,26.764202588860638,30.371210158940706,79.10907015794253,-26.20834334642296,20.7318625103359,5.216927278076864,53.94241665453677,-19.927269978381126,28.415187150037966,30.35785528650451,76.5203760503322,30.352967696964065,81.03666987427417,-32.4933867079836,16.05151410582799,36.649512485407136,83.52341462836017,-38.77341226025072,12.739709331400755
0.8698698698698699,5.218084945522609,55.23376153206873,-19.92935700078331,26.93295417641956,30.371182073417845,79.26469543817026,-26.20833248868827,20.909332561990343,5.216927453851081,54.11830929869431,-19.92725592612319,28.59051221021006,30.35784495034895,76.67705450054025,30.35296421978327,81.24664609861712,-32.49337341897009,16.223762160647006,36.649491756277925,83.70341550758673,-38.77340334465816,12.92712868824266
0.8708708708708709,5.21808338538478,55.43619928908723,-19.92934014484092,27.10883693463086,30.371154063703635,79.42269801582381,-26.208321657739567,21.087788925984484,5.216927627427678,54.2997181019585,-19.927241911043556,28.76506314875035,30.357834640193875,76.8353589457394,30.35296074768846,81.45052098353402,-32.49336016288745,16.399075965469223,36.649471081279245,83.89169586884185,-38.77339444918751,13.11025891055563
0.8718718718718719,5.218081829020005,55.64523916514698,-19.929323334312677,27.29273343950183,30.371126129512053,79.58592407421617,-26.208310853465964,21.26754478217494,5.2169277988160445,54.48716927018325,-19.92722793298547,28.94000553788328,30.357824355946452,76.99800427404638,30.35295728068143,81.64540032987344,-32.4933469396177,16.578399695060405,36.64945046015478,84.08787824909727,-38.77338557377029,13.289266458062833
0.8728728728728729,5.218080276402055,55.85728029914921,-19.929306569003284,27.48462718186737,30.37109827055786,79.75684527116024,-26.20830007575739,21.449104320153776,5.216927968025674,54.68064973630702,-19.927213991793153,29.116623125103814,30.357814097514133,77.16743699763391,30.352953818763787,81.82982117447888,-32.49333374904327,16.76247338358894,36.64942989265058,84.29044683260946,-38.77337671833831,13.464691779694352
0.8738738738738738,5.218078727505154,56.067980436005286,-19.929289848718668,27.68351733704106,30.37107048655659,79.93730054841572,-26.20828932450458,21.633064763122345,5.216928135066157,54.879348187803785,-19.927200087311785,29.29602159726977,30.357803864804648,77.3455747838619,30.35295036193693,82.00392432895947,-32.493320591047,16.951636108936377,36.64940937851501,84.49678030188281,-38.77336788282379,13.63748033544503
0.8748748748748749,5.218077182303977,56.273170508840025,-19.929273173265965,27.8874513763131,30.371042777224584,80.12818154814605,-26.20827859959907,21.819858619994438,5.216928299947179,55.08149393651158,-19.92718621938748,29.47886626382359,30.357793657726017,77.53351020013494,30.352946910202068,82.1693386614415,-32.49330746551214,17.145594824244192,36.64938891749873,84.70349555214759,-38.773359067159234,13.809018009950185
0.8758758758758759,5.218075640773637,56.46980500532244,-19.929256542453523,28.09372084723662,30.371015142278974,80.32909952026412,-26.208267900933183,22.009452217236927,5.216928462678517,55.28446712446913,-19.927172387867316,29.66525143950246,30.357783476186537,77.73119551373587,30.352943463560205,82.3288605679202,-32.493294372322346,17.343261110296048,36.649368509354666,84.90706760711087,-38.7733502712775,13.9810992668247
0.8768768768768769,5.218074102889672,56.656545328676465,-19.92923995609088,28.299225508218573,30.370987581437703,80.53815273966171,-26.208257228400026,22.201172721552798,5.216928623270034,55.48527598115565,-19.927158592599287,29.85474170240276,30.3577733200948,77.93717336319227,30.35294002201217,82.48601879769694,-32.49328131136171,17.542783479058574,36.649348153837956,85.10454849730876,-38.773341495111765,14.155761857080696
0.8778778778778779,5.2180725686280445,56.83378804510546,-19.929223413988748,28.500959282753602,30.370960094419548,80.75197739915176,-26.208246581893455,22.393798878025155,5.216928781731677,55.68129266996524,-19.927144833432315,30.04654524176288,30.35776318935968,78.14851420908595,30.352936585558595,82.64459867818007,-32.49326828251474,17.741855347587155,36.64932785070592,85.2941493551972,-38.773332738595535,14.3349653576289
0.8788788788788788,5.218071037965124,57.003274038451714,-19.929206915959018,28.696520353026568,30.370932680944097,80.96622779615166,-26.208235961308112,22.58591551189116,5.2169289380734725,55.87093690154178,-19.927131110216237,30.23972701600304,30.35775308389034,78.36116752088982,30.352933154199945,82.80818599688794,-32.49325528566634,17.93824538330969,36.649307599718064,85.47550797867979,-38.77332400166265,14.520168327469266
0.8798798798798799,5.218069510877685,57.16756632436019,-19.92919046181473,28.884518090034714,30.370905340731785,81.17644073529857,-26.20822536653937,22.776372226193246,5.216929092305525,56.053995288331066,-19.927117422801793,30.433377082911512,30.35774300359624,78.57077780300305,30.35292972793649,82.97977569426943,-32.49324232070187,18.130353632578938,36.64928740063598,85.6495994055649,-38.773315284247275,14.711933283005088
0.8808808808808809,5.218067987342895,57.32960928188217,-19.929174051370076,29.06477439342107,30.370878073503892,81.37899118065901,-26.208214797483343,22.964620545982033,5.216929244438012,56.23148677657089,-19.927103771040624,30.6266958218778,30.357732948387135,78.77369288086896,30.352926306768353,83.16146565180867,-32.493229387507064,18.317557252006946,36.64926725322337,85.818386543865,-38.77330658628388,14.909716272505307
0.8818818818818819,5.218066467338308,57.492432513454,-19.92915768444038,29.238291495944054,30.370850878982548,81.57176604318506,-26.20820425403689,23.150783345460145,5.216929394481181,56.40522856621598,-19.927090154785255,30.81900434457094,30.357722918173067,78.9677080172345,30.35292289069547,83.35422764192575,-32.49321648596811,18.500219449319772,36.649247157246,85.9843796284357,-38.77329790770727,15.111951636365879
0.8828828828828829,5.218064950841854,57.65896220286162,-19.92914136084209,29.407032405511305,30.370823756890744,81.75436651399247,-26.208193736097563,23.335468406795897,5.216929542445348,56.57734295210981,-19.927076573889103,31.009723918733034,30.357712912864383,79.15227378979692,30.35291947971762,83.55773722115498,-32.493203615971616,18.67941896426743,36.64922711247166,86.15025213506316,-38.77328924845255,15.316425996304108
0.8838838838838838,5.218063437831836,57.83186439805279,-19.929125080392776,29.573593155205277,30.370796706952333,81.92791451652613,-26.20818324356366,23.519458277075795,5.216929688340889,56.74988119202094,-19.927063028206447,31.198384701368703,30.357702932371723,79.32825807556316,30.352916073834415,83.77027403783632,-32.4931907774046,18.856579765369162,36.64920711867013,86.31858052455615,-38.77328060845516,15.520801570257394
0.8848848848848849,5.2180619282869145,58.013345948313436,-19.9291088429111,29.740838570241973,30.370769728892057,82.09466314415448,-26.20817277633417,23.703432554765307,5.216929832178244,56.924630121408725,-19.927049517592437,31.384704338365594,30.357692976606025,79.49753986293538,30.352912673045328,83.98876655071916,-32.493177970154505,19.03317429609881,36.64918717561317,86.49168832905458,-38.77327198765085,15.72308310890421
0.8858858858858859,5.218060422186108,58.20486998811345,-19.929092648216827,29.9115503349928,30.370742822435517,82.2575771941448,-26.20816233430876,23.88783107217297,5.21692997396791,57.103076644750324,-19.927036041903083,31.568726219445765,30.35768304547853,79.66264413020835,30.352909277349656,84.20909297224597,-32.4931651941092,19.21058033623257,36.64916728307448,86.67151962113245,-38.77326338597565,15.921875335409483
0.8868868868868869,5.2180589195087785,58.40679666167802,-19.9290764961308,30.088115361480444,30.370715987309225,82.41996549219839,-26.208151917387816,24.072894226878184,5.21693011372044,57.28644443172916,-19.927022600995244,31.750953431599918,30.35767313890078,79.82647126832433,30.35290588674656,84.42669196030577,-32.49315244915698,19.39006701248961,36.64914744082967,86.85946192631904,-38.773254803365944,16.116413206559006
0.8878878878878879,5.218057420234631,58.6180313780067,-19.92906038647494,30.272264106986082,30.370689223240575,82.58518003789186,-26.208141525472385,24.258837591927794,5.216930251446435,57.475690530295616,-19.92700919472662,31.932386906666725,30.357663256784615,79.99207779898079,30.352902501235047,84.63738341421812,-32.49313973518655,19.57281929389182,36.649127648656254,87.05608594651558,-38.77324623975839,16.3064681338639
0.8888888888888888,5.218055924343701,58.835846715424395,-19.929044319072233,30.464854687039967,30.37066252995786,82.75635638802697,-26.208131158464184,24.44604311376944,5.216930387156549,57.67137510611017,-19.926995822955742,32.11439891262223,30.35765339904219,80.16244961012005,30.352899120813987,84.8381608299813,-32.49312705208707,19.759903675994902,36.64910790633357,87.26085337256251,-38.77323769508997,16.492260219995476
0.8898898898898899,5.218054431816348,59.05609531735258,-19.92902829374671,30.66570652701364,30.370635907190273,82.93614870761465,-26.2081208162656,24.635120975152876,5.216930520861481,57.873397605640214,-19.926982485541984,32.298446991073064,30.35764356558595,80.34023449798354,30.35289574548211,85.02771318881828,-32.49311439974808,19.952122607179486,36.64908821364281,87.47193091678687,-38.773229169297935,16.6744436092058
0.8908908908908909,5.2180529426332525,59.27394729555174,-19.92901231032346,30.873522116994142,30.370609354667938,83.12641346097274,-26.208110498779668,24.826755323810843,5.216930652571972,58.08069859573926,-19.926969182345527,32.485719167201665,30.357633756328656,80.52742850562909,30.352892375238,85.20656607591646,-32.49310177805958,20.14976990800325,36.64906857036696,87.68628317018128,-38.77322066231988,16.854147779438783
0.8918918918918919,5.218051456775405,59.48501041732629,-19.9289963686286,31.085962772508108,30.37058287212187,83.32782952639093,-26.20810020591008,25.021374849622408,5.216930782298806,58.29111778597964,-19.92695591322737,32.67684559862048,30.357623971183372,80.72502358322262,30.35288901008012,85.37688256736891,-32.493089186911995,20.352363957030295,36.6490489762908,87.90014152123288,-38.773212174093665,17.03300400631079
0.8928928928928929,5.218049974224102,59.68638544126403,-19.92898046848927,31.29992606042288,30.370556459284025,83.53952077502731,-26.20808993756116,25.2188152848529,5.2169309100528025,58.5016171644934,-19.92694267804933,32.87178768754721,30.357614210063467,80.93264288175898,30.35288565000679,85.54203742584869,-32.49307662619615,20.55849566434017,36.64902943120084,88.10977034895835,-38.77320370455746,17.213067335814422
0.8938938938938938,5.218048494960938,59.87718726561799,-19.92896460973364,31.512016482368587,30.370530115887277,83.75885376202912,-26.208079693637863,25.418188244653372,5.21693103584482,58.708941438078085,-19.926929476673997,33.06993110766985,30.357604472882624,81.1482661620353,30.35288229501622,85.7060766677701,-32.493064095803305,20.765945943312985,36.64900993488533,88.31228547743855,-38.773195253649725,17.396562937113583
0.8948948948948949,5.218047018967799,60.058405388395535,-19.928948792190877,31.719134384999787,30.370503841665432,83.98164319396089,-26.20806947404578,25.618086185122042,5.216931159685748,58.910505355750736,-19.92691630896479,33.27030995699374,30.35759475955483,81.36827093111894,30.352878945106465,85.87315194257991,-32.49305159562516,20.97213678400613,36.64899048713422,88.50624048105605,-38.77318682130922,17.58545729358781
0.8958958958958959,5.218045546226859,60.23236006291154,-19.92893301569115,31.919046792021312,30.370477636353232,84.20289510076385,-26.208059278691103,25.817057173515703,5.216931281586507,59.10508817118038,-19.92690317478588,33.47184403184836,30.35758506999438,81.58801828912551,30.352875600275485,86.04700058907014,-32.49303912555382,21.174791921704536,36.64897108773915,88.69180224489621,-38.77317840747497,17.780959958084324
0.8968968968968969,5.21804407672057,60.40210635079269,-19.92891728006563,32.11078393616686,30.37045149968636,84.41792476278584,-26.208049107480655,26.014105107579624,5.216931401558044,59.29301403861018,-19.926890074002248,33.673504375487205,30.357575404115885,81.80292928333748,30.35287226052111,86.23051792111887,-32.49302668548183,21.37252779269694,36.648951736493395,88.87052080875063,-38.773170012086325,17.98313975691982
0.8978978978978979,5.21804261043166,60.570982817107804,-19.928901585146452,32.294762532887496,30.370425431401443,84.62340778147694,-26.208038960321844,26.20895684404015,5.216931519611336,59.475826360551515,-19.92687700647963,33.87438608970763,30.357565761834262,82.00959869696027,30.35286892584105,86.42543254372671,-32.49301427530215,21.565112030763824,36.64893243319189,89.04485704862638,-38.773161635082886,18.190835161220303
0.8988988988988988,5.218041147343124,60.74232107627151,-19.92888593076674,32.47264000466722,30.370399431236052,84.81794865756007,-26.208028837122683,26.40199644970662,5.216931635757379,59.65571852609284,-19.92686397208453,34.07371768720445,30.357556143064745,82.20642207851246,30.352865596232903,86.6320666701743,-32.49300189490817,21.75332061806331,36.64891317763115,89.21768050986418,-38.77315327640456,18.401932525267984
0.8998998998998999,5.218039687438218,60.91923995927887,-19.92887031676058,32.6469813274846,30.37037349892871,85.00207170740283,-26.208018737791775,26.59396198237941,5.216931750007193,59.83500467772136,-19.92685097068422,34.2708677686177,30.35754654772287,82.39358404887948,30.352862271694164,86.84917421816554,-32.4929895441937,21.9385461906207,36.64889396960931,89.39188381184259,-38.77314493599152,18.613915137392016
0.9009009009009008,5.218038230700459,61.104428183604725,-19.928854742963015,32.8208382882995,30.37034763421891,85.17783101379976,-26.208008662238303,26.785596554209043,5.216931862371816,60.015788214741306,-19.926838002146727,34.465409832909806,30.357536975724493,82.57265797927181,30.352858952222203,87.07391402367348,-32.492977223052975,22.122395415550354,36.648874808926045,89.57014375226821,-38.773136613784224,18.824451603120536
0.901901901901902,5.21803677711361,61.29984392005479,-19.928839209210036,32.99731942494835,30.37032183684708,85.34829479454356,-26.20799861037204,26.977421915507186,5.216931972862304,60.199846469405244,-19.92682506634082,34.65726121502866,30.357527426985783,82.74614269563862,30.35285563781429,87.3020861853917,-32.492964931380655,22.306439399601572,36.648855695382586,89.75476211685276,-38.773128309723425,19.03179409592437
0.9029029029029028,5.218035326661684,61.50631708938219,-19.92882371533858,33.17919965894658,30.37029610655462,85.51706491112593,-26.207988582103308,27.16971834956322,5.216932081489726,60.38864969280072,-19.926812163136017,34.84684369678023,30.357517901423225,82.91709336062469,30.35285232846759,87.52873714422248,-32.49295266907182,22.492141095885955,36.64883662878168,89.94748283841608,-38.77312002375013,19.234898550694975
0.9039039039039038,5.218033879328934,61.72312348883401,-19.92880826118652,33.36859216689752,30.3702704430839,85.68788404044777,-26.20797857734301,27.36269253709898,5.216932188265165,60.583378305674785,-19.926799292402563,35.03516197881361,30.3575083989536,83.0888368554294,30.35284902417917,87.74907653198358,-32.492940436021975,22.680871147724925,36.64881760892759,90.1492186211177,-38.773111755805616,19.433351490474763
0.9049049049049048,5.2180324350998495,61.94770463987061,-19.92879284659265,33.56668188469758,30.37024484617825,85.86431226152452,-26.20796859600259,27.556711084937735,5.216932293199715,60.78481260236346,-19.92678645401144,35.223701461309865,30.357498919494024,83.26470263657478,30.35284572494599,87.95944753883288,-32.492928232127056,22.87388678255458,36.64879863562605,90.35971479335824,-38.77310350583146,19.627264129894353
0.905905905905906,5.2180309939591485,62.175793675468576,-19.92877747139668,33.773518503605175,30.37021931558197,86.04941802101932,-26.207958637994064,27.752417967707345,5.216932396304477,60.99305502585396,-19.926773647834356,35.41412474544201,30.357489462961915,83.44771776305514,30.352842430764913,88.15803104486294,-32.49291605728341,23.072189428511642,36.648779708684245,90.57729213233493,-38.773095273769485,19.81724028006058
0.9069069069069068,5.218029555891776,62.40215429180719,-19.928762135439246,33.98790337499308,30.37019385104034,86.24542158752028,-26.20794870322998,27.950602782710302,5.216932497590561,61.20717666011263,-19.92676087374373,35.607857514123175,30.357480029275013,83.64025095690415,30.352839141632703,88.34509882825469,-32.4929039113878,23.276256553316397,36.648760827910834,90.79887725849886,-38.77308705956179,20.00441691901567
0.907907907907908,5.218028120882896,62.621837825048054,-19.92874683856187,34.207445954164115,30.37016845229961,86.45326280471826,-26.20793879162343,28.151838545015824,5.216932597069079,61.425003710687015,-19.926748131612708,35.80572560934465,30.357470618351364,83.84361106354915,30.35283585754604,88.52283368674021,-32.492891794337424,23.485725957145767,36.64874199311588,91.02046829427783,-38.77307886315075,20.190499014287074
0.9089089089089089,5.218026688917892,62.83145767395186,-19.928731580606993,34.42885457880827,30.370143119107,86.67215508315074,-26.207928903088035,28.35607534865953,5.216932694751151,61.643306616651344,-19.92673542131513,36.00778979947001,30.357461230109333,84.05762377280288,30.352832578501506,88.69485185384934,-32.492879706029896,23.699189505636,36.64872320411084,91.2379809250523,-38.77307068447898,20.377680515854856
0.90990990990991,5.2180252599823564,63.029879428834164,-19.92871636141792,34.64846114738607,30.37011785121072,86.89932144490548,-26.20791903753795,28.562453401646657,5.216932790647891,61.858516223868534,-19.926722742725534,36.2134262960969,30.3574518644676,84.28029194217142,30.352829304495582,88.86557287739299,-32.492867646363244,23.91428886885197,36.64870446070857,91.4481998687738,-38.773062523489386,20.568361328094603
0.9109109109109108,5.218023834062091,63.218113611498616,-19.928701180838853,34.86289615115653,30.37009264835995,87.13019816744897,-26.207909194887847,28.769509282118527,5.216932884770419,62.06774891206639,-19.926710095719177,36.421574393102304,30.35744252134516,84.50779822500077,30.35282603552468,89.03955264558827,-32.492855615235925,24.128210261657486,36.648685762723304,91.64948616493928,-38.77305438012512,20.764655716668095
0.911911911911912,5.218022411143097,63.39869813228181,-19.928686038714872,35.069752083839965,30.37006751030487,87.35928373011649,-26.20789937505292,28.975708962005914,5.216932977129849,62.26963490248436,-19.926697480171985,36.631009095945736,30.35743320066132,84.735138890291,30.35282277158512,89.22086921275624,-32.49284361254681,24.338444615793538,36.64866710997059,91.84200593907134,-38.77304625432959,20.96782052986314
0.9129129129129128,5.218020991211576,63.57500617771627,-19.92867093489192,35.268043427989426,30.370042436796624,87.58145019305955,-26.207889577948865,29.18001400728751,5.216933067737293,62.46454002492875,-19.926684895960577,36.84053625195368,30.357423902335704,84.95734991637342,30.352819512673133,89.41261940167666,-32.49283163819517,24.54347665150546,36.64864850226736,92.0274729879926,-38.77303814604648,21.17782984686287
0.913913913913914,5.2180195742539235,63.75072404098892,-19.928655869216797,35.45833986085337,30.37001742758735,87.7931732720573,-26.2078798034919,29.382169041626252,5.216933156603857,62.65418216751047,-19.926672342962252,37.04908824457259,30.35741462628825,85.17078828401102,30.352816258784863,89.61653913254388,-32.49281969208072,24.74308012192172,36.64862993943182,92.20860145252898,-38.77303005521971,21.393309863617933
0.914914914914915,5.218018160256724,63.92951295477235,-19.928640841537177,35.642578760260264,30.36999248243017,87.99316567800554,-26.20787005159872,29.5826013778518,5.216933243740638,62.840967968425865,-19.926659821054987,37.255756346662736,30.35740537243921,85.37383585506734,30.35281300991639,89.83272753939477,-32.49280777410359,24.93813969073752,36.64861142128348,92.38852875370307,-38.773021981793455,21.611903602942135
0.915915915915916,5.218016749206748,64.114756892556,-19.92862585170155,35.8236594930179,30.3699676010792,88.18231018944223,-26.20786032218654,29.782063609222305,5.216933329158728,63.027396549915935,-19.926647330117422,37.459827058844134,30.357396140709152,85.56685740056156,30.352809766063693,90.05947696375056,-32.492795884164295,25.13019483208503,36.648592947643145,92.57038225029683,-38.77301392571216,21.830920263051205
0.9169169169169168,5.218015341090948,64.30928239813942,-19.928610899559292,36.004942581602876,30.369942783289535,88.36315432257183,-26.207850615173047,29.98125529705804,5.216933412869205,63.21571062045305,-19.92663487002887,37.66088415371541,30.35738693101896,85.7517280259246,30.35280652722269,90.29329732042721,-32.4927840221638,25.32099511295999,36.64857451833287,92.75701338987666,-38.7730058869205,22.04797760206501
0.917917917917918,5.218013935896455,64.51497568705926,-19.928595984960577,36.18974907470764,30.369918028817263,88.53928551103348,-26.207840930476426,30.180616540250842,5.216933494883137,63.40779673090329,-19.926622440669306,37.85898055749408,30.35737774328983,85.93130867277686,30.352803293389215,90.52929579610013,-32.49277218800345,25.512247892693964,36.64855613317597,92.95080652133063,-38.77299786536342,22.26138501525127
0.9189189189189187,5.2180125336105725,64.73230095108465,-19.928581107756425,36.380918134920094,30.36989333741947,88.71477272557722,-26.20783126801532,30.380371994446506,5.21693357521158,63.60521319787382,-19.926610041919336,38.05480182273964,30.35736857744327,86.10903041287104,30.35280006455903,90.76200239360536,-32.492760381585036,25.705559250421715,36.648537791996986,93.15343990707248,-38.772989860986094,22.470212958867634
0.91991991991992,5.218011134220777,64.95983629229173,-19.928566267798665,36.58044510265544,30.36986870885422,88.89372067324692,-26.20782162770888,30.580767994475334,5.216933653865572,63.809171472130195,-19.926597673660243,38.24969166406808,30.357359433401108,86.28856001251553,30.352796840727834,90.98649656975078,-32.49274860281074,25.902441164339482,36.64851949462168,93.36554205683552,-38.772981873733954,22.67418944896883
0.9209209209209208,5.218009737714709,65.19407792564705,-19.928551464939964,36.789195311741835,30.369844142880577,89.0798971487226,-26.2078120094767,30.782319621833146,5.216933730856139,64.02033889100086,-19.926585335773947,38.44544232846684,30.357350311085476,86.47346773493479,30.35279362189123,91.1994689017704,-32.49273685158317,26.10423862287821,36.64850124087702,93.5863174131168,-38.77297390355267,22.873609027255554
0.921921921921922,5.218008344080173,65.42983396059759,-19.92853669903379,37.00670048125792,30.369819639258587,89.27635668285376,-26.20780241323885,30.98584798489483,5.216933806194287,64.23846466665012,-19.926573028143,38.64387174794383,30.35734121041883,86.66684907365357,30.352790408044775,91.39985808326,-32.492725127805315,26.311903252189975,36.648483030591144,93.81334864269668,-38.77296595038815,23.06933749962676
0.9229229229229228,5.218006953305134,65.66135635036606,-19.928521969934405,37.23109906512012,30.369795197749298,89.48499137224907,-26.207792838915857,31.192204568821428,5.2169338798910045,64.4620007418641,-19.9265607506506,38.84634031735114,30.357332131323933,86.87089165204493,30.35278719918395,91.58892855900868,-32.4927134313806,26.52564456502031,36.64846486359339,94.0428197175217,-38.77295801418655,23.26286776048179
0.923923923923924,5.218005565377713,65.88388884817135,-19.928507277496884,37.45931440038419,30.369770818114745,89.70600911843866,-26.2077832864287,31.401794892747006,5.21693395195726,64.68801970760565,-19.92654850318057,39.05340993800984,30.35732307372386,87.08639750757725,30.352783995304165,91.76988585575492,-32.49270176221285,26.744592892263967,36.64844673971423,94.27025589369265,-38.77295009489426,23.45631054021488
0.924924924924925,5.218004180286183,66.09489939279715,-19.928492621577085,37.687519349462114,30.369746500117955,89.93748211499563,-26.207773755698828,31.614189802690365,5.216934022404001,64.91271048711371,-19.926536285617352,39.2647806016686,30.357314037542007,87.31231612147708,30.35278079640077,91.94721527241445,-32.492690120206305,26.966694816464898,36.64842865878529,94.49159299555112,-38.772942192457926,23.652192196412678
0.925925925925926,5.218002798018967,66.294422694396,-19.928478002031657,37.91184077560184,30.369722243522943,90.1752713138606,-26.20776424664812,31.828119524459627,5.216934091242152,65.13243299051396,-19.926524097846027,39.47948900804738,30.357305022702068,87.54549462299238,30.352777602469043,92.12590941185647,-32.49267850526559,27.189045383410665,36.648410620639325,94.70417657421106,-38.7729343068244,23.85299322053677
0.9269269269269268,5.218001418564635,66.48457341113809,-19.928463418718028,38.12915353439014,30.369698048094723,90.41365039537641,-26.207754759198895,32.04192819457107,5.216934158482616,65.3448606614862,-19.92651193975228,39.69622167900096,30.35729602912806,87.78101345375174,30.35277441350421,92.31071143833749,-32.49266691729575,27.40865044282675,36.648392625110205,94.90731103935222,-38.77292643794078,24.06050767668677
0.927927927927928,5.218000041911899,66.66873722064685,-19.928448871494403,38.337737175861335,30.36967391359929,90.64664748627095,-26.207745293273927,32.254243737156365,5.216934224136268,65.54958913212275,-19.926499811222413,39.91358638813984,30.35728705674431,88.01331150556115,30.35277122950143,92.5054653532463,-32.49265535620223,27.623310078314827,36.64837467203291,95.10220594900323,-38.77291858575442,24.27525993826418
0.9289289289289288,5.217998668049613,66.85087064388765,-19.92843436021975,38.53759322930121,30.369649839803632,90.86960787241806,-26.20773584879641,32.46445986103497,5.216934288213961,65.74796377062488,-19.92648771214333,40.13027770596087,30.357278105475444,88.23772083162923,30.352768050455797,92.71261383239413,-32.49264382189087,27.83218578152563,36.64835676124349,95.29145558430632,-38.772910750212866,24.49626189065369
0.92992992992993,5.217997296966766,67.03503054757289,-19.928419884753815,38.73036088609409,30.369625826475733,91.08025459302067,-26.207726425689973,32.67278138137499,5.21693435072652,65.94239249527182,-19.926475642402544,40.34515734169505,30.357269175246415,88.4516109412955,30.35276487636235,92.93283268645094,-32.49263231426794,28.03580715542322,36.6483388925791,95.47835844063529,-38.772902931263914,24.721270254771714
0.9309309309309308,5.217995928652485,67.22504812535259,-19.92840544495708,38.918918369779696,30.369601873384557,91.27888447203424,-26.207717023878665,32.87989480283195,5.216934411684741,66.13559845358985,-19.92646360188817,40.55731283572718,30.357260265982475,88.65465881638431,30.35276170721608,93.16479111319259,-32.49262083324006,28.235636182937732,36.64832106587794,95.66634554463981,-38.772895128855595,24.947452237463036
0.931931931931932,5.217994563096024,67.42420884634943,-19.9283910406908,39.106820831752884,30.369577980300065,91.46789112905469,-26.20770764328697,33.0865281996037,5.216934471099392,66.33011919423237,-19.926451590488902,40.76616675077584,30.357251377609188,88.84843843902009,30.35275854301191,93.40511264207794,-32.4926093787143,28.433528831443628,36.648303280979256,95.85861245977122,-38.77288734293616,25.172143691855283
0.9329329329329328,5.217993200286768,67.63483288976099,-19.92837667181697,39.29770830470591,30.3695541469932,91.65103006051687,-26.207698283839765,33.29316245608704,5.216934528981211,66.52811843751752,-19.926439608094046,40.97166150587495,30.35724251005243,89.03580919928912,30.3527553837447,93.64871698796016,-32.492597950598096,28.631374482261684,36.64828553772335,96.05787861063362,-38.77287957345408,25.393364898657392
0.933933933933934,5.2179918402142285,67.85773637885234,-19.928362338198323,39.494771360287665,30.36953037323589,91.832722731161,-26.207688945462365,33.50002875688828,5.216934585340906,66.73139238109313,-19.92642765459348,41.174450938978644,30.35723366323838,89.22039163661402,30.352752229409273,93.8896847379592,-32.492586548799295,28.83097540440134,36.64826783595155,96.26612617893527,-38.77287182035805,25.60996803536735
0.934934934934935,5.217990482868038,68.09168452838814,-19.928348039698335,39.70031409085746,30.36950665880105,92.01749994207518,-26.207679628080488,33.70735682659637,5.2169346401891525,66.94136174741897,-19.926415729877675,41.375952811841074,30.35722483709353,89.40615235664902,30.352749080000383,94.12252714845681,-32.49257517322613,29.03403959957886,36.64825017550618,96.48422643530246,-38.77286408359699,25.821547558737066
0.935935935935936,5.217989128237952,68.33311332592994,-19.92833377618121,39.91541366451475,30.36948300346258,92.20955189970111,-26.20767033162025,33.91567088270212,5.216934693536595,67.15887180709646,-19.926403833837668,41.57813438654278,30.357216031544663,89.59701240781885,30.35274593551275,94.34344604654474,-32.49256382378723,29.242106053590025,36.64823255623058,96.711512332252,-38.772856363120056,26.028337274628754
0.9369369369369368,5.217987776313842,68.5765048834332,-19.928319547511876,40.13967877504439,30.369459406995365,92.41229263421033,-26.207661056008178,34.125862445221564,5.216934745393841,67.38377708644846,-19.92639196636507,41.78303796236441,30.357207246518893,89.79641370838205,30.352742795941023,94.55112810340738,-32.492552500391625,29.45629771369408,36.64821497796909,96.94552550175177,-38.7728486588766,26.231211461257985
0.937937937937938,5.2179864270856955,68.81562951933311,-19.928305353555988,40.371171308223,30.369435869175263,92.62784925126685,-26.207651801171178,34.33889536504675,5.216934795771468,67.6144978515689,-19.926380127352083,41.99221884578498,30.357198481943627,90.00682645373799,30.352739661279813,94.74687573315231,-32.49254120294873,29.676926134327445,36.64819744056702,97.18223084961642,-38.7728409708162,26.431747022392752
0.938938938938939,5.217985080543614,69.04531064283142,-19.928291194179913,40.60660108065897,30.36941238977912,92.85646687425377,-26.20764256703658,34.55526281806742,5.216934844680014,67.84790448628755,-19.92636831669145,42.20633965725479,30.357189737746573,90.22920584044739,30.35273653152368,94.93417631715467,-32.492529931368345,29.903100203738095,36.648179943870645,97.41683220298886,-38.772833298888656,26.63221004209366
0.93993993993994,5.217983736677809,69.26284595712193,-19.92827706925073,40.8418541489566,30.36938896858476,93.09599337903396,-26.207633353532085,34.77453927218313,5.216934892129986,68.07987280996706,-19.92635653427648,42.42508772584941,30.35718101385575,90.46245818689405,30.35273340666713,95.11793623737958,-32.49251868556067,30.132600643898346,36.64816248772721,97.64498186592772,-38.77282564304398,26.83531498237312
0.9409409409409408,5.217982395478599,69.46838822537048,-19.928262978636216,41.07279926541456,30.369365605370984,93.34181014340271,-26.207624160585787,34.995380643000594,5.2169349381318515,68.30649420721181,-19.926344780001052,42.64739795543564,30.357172310199477,90.70315729075011,30.35273028670463,95.30358460121913,-32.49250746543629,30.36226582017811,36.64814507198491,97.86391169658651,-38.772818003232395,27.04368276555388
0.941941941941942,5.217981056936412,69.66436532709822,-19.92824892220487,41.296189966395474,30.36934229991756,93.58759505607773,-26.207614988126164,35.21605419480333,5.21693498269604,68.52537003621352,-19.926333053759596,42.87180399092966,30.357163626706377,90.94594882294986,30.352727171630605,95.49620153740001,-32.49249627090617,30.588875091300572,36.64812769649285,98.07303342217106,-38.77281037940434,27.259107598730825
0.9429429429429428,5.217979721041776,69.8545546225242,-19.928234899825867,41.510388991351974,30.369319052005245,93.82691499233712,-26.20760583608207,35.43518686637836,5.216935025832945,68.73625073416892,-19.926321355447083,43.09673873442449,30.35715496330538,91.18486871924651,30.352724061439417,95.69977877303764,-32.49248510188167,30.81014738880277,36.6481103611011,98.27383609033784,-38.77280277151046,27.481928967164077
0.943943943943944,5.217978387785323,70.04330599954459,-19.92822091136908,41.71568081375161,30.36929586141575,94.05501009922989,-26.20759670438274,35.65225490420679,5.216935067552919,68.94076482249436,-19.926309684959037,43.320722829928805,30.357146319925707,91.41508302472195,30.352720956125392,95.91665570312078,-32.49247395827452,31.025336502959636,36.64809306566062,98.46926130946235,-38.77279517950163,27.710839110067113
0.944944944944945,5.217977057157784,70.23502384104593,-19.928206956705075,41.91411604087784,30.369272727931776,94.26990346267533,-26.207587592957783,35.86756072029999,5.216935107866277,69.14160036695355,-19.92629804219153,43.54247441555416,30.357137696496892,91.63409766642266,30.35271785568282,96.1471170539222,-32.49246283999685,31.235169538849057,36.648075810023286,98.66292978401566,-38.772787603328894,27.94327271788528
0.945945945945946,5.217975729149986,70.43378734995125,-19.92819303570509,42.10900781102209,30.36924965133697,94.47247438853714,-26.20757850173717,36.08182099721641,5.2169351467832925,69.34168306012299,-19.926286427041155,43.76101091336401,30.35712909294876,91.8419454007122,30.35271476010594,96.38915694144998,-32.49245174696115,31.441316671920713,36.64805859404187,98.85852138070463,-38.77278004294354,28.17620810530548
0.9469469469469468,5.2179744037528515,70.64294783884651,-19.928179148241043,42.304264622126354,30.36922663141596,94.66580099572722,-26.20756943065125,36.29569700268453,5.216935184314199,69.54367755291774,-19.926274839405067,43.975811398450396,30.35712050921144,92.04065698601346,30.352711669388952,96.63853309113091,-32.49244067908031,31.645806994542202,36.648041417570035,99.05938537814225,-38.77277249829704,28.406976499510407
0.947947947947948,5.217973080957399,70.86459982784554,-19.92816529418553,42.50371511975124,30.36920366795433,94.85428196316562,-26.20756037963073,36.50955603726759,5.216935220469188,69.74983858953138,-19.92626327918093,44.18704179025812,30.357111945215348,92.23357059746769,30.352708583526017,96.88933424309124,-32.49242963626759,31.850682975972845,36.64802428046231,99.2682619266106,-38.7727649693411,28.633727574812802
0.948948948948949,5.217971760754734,71.0989422245946,-19.92815147341181,42.71052127446399,30.369180760738637,95.04285585955287,-26.20755134860668,36.723575319926,5.21693525525841,69.96202753630995,-19.926251746266946,44.39573247504133,30.357103400891216,92.42475606412795,30.35270550251125,97.13515678074631,-32.492418618436616,32.0579061074203,36.648007182574105,99.48694435034686,-38.77275745602758,28.85549532947807
0.94994994994995,5.217970443136055,71.34372236238723,-19.928137685793807,42.92671422006466,30.369157909556385,95.23639253857588,-26.207542337510517,36.93807829586682,5.216935288691973,70.18163611126087,-19.92624024056184,44.60373073868694,30.357094876170063,92.6185403930733,30.35270242633873,97.37061899176994,-32.492407625501414,32.26932766973657,36.64799012376168,99.71581922242608,-38.77274995830858,29.072079237873965
0.950950950950951,5.217969128092647,71.59415571282692,-19.928123931206105,43.152846012476964,30.36913511419604,95.4391851473925,-26.207533346274023,37.15380859490984,5.216935320779941,70.409253339134,-19.926228761964865,44.8133221905343,30.3570863709832,92.81903649543344,30.3526993550025,97.59265180292519,-32.49239665737636,32.48652651267268,36.64797310388215,99.95342483105064,-38.7727424761364,29.28397812291619
0.951951951951952,5.2179678156158795,71.84375387845445,-19.92811020952394,43.38778092596694,30.369112374447027,95.65442152145606,-26.207524374829337,37.37184551061458,5.216935351532334,70.64414055673214,-19.926217310375776,45.02661068935123,30.35707788526224,93.02961822705822,30.352696288496563,97.80110470761242,-32.49238571397621,32.710443240312756,36.64795612279347,100.19634756407689,-38.77273500946352,29.492437611778453
0.9529529529529528,5.217966505697207,72.08608502561414,-19.9280965206232,43.62873134090288,30.369089690099717,95.88355191008465,-26.207515423108926,37.59310911310817,5.216935380959131,70.88383271307488,-19.926205885694856,45.2449175689982,30.35706941893909,93.25233318855705,30.352693226814885,97.99858646618168,-32.49237479521611,32.94090136694949,36.64793918035442,100.43975955877325,-38.77272755824264,29.699500749020295
0.953953953953954,5.217965198328167,72.3167322964045,-19.928082864380418,43.871655176148934,30.36906706094543,96.12561871165342,-26.20750649104562,37.8177357919314,5.216935409070264,71.12432273127645,-19.92619448782289,45.46847128677843,30.357060971945945,93.48727528009852,30.35269016995139,98.18975700787885,-32.492363901011544,33.17625974351647,36.64792227642462,100.67859391856247,-38.77272012242663,29.90788100661801
0.954954954954955,5.217963893500375,72.53438783835873,-19.928069240672773,44.11202655411164,30.36904448677644,96.37686191221822,-26.207497578572585,38.044778979266056,5.216935435875621,71.36109421819344,-19.926183116661175,45.696491439399104,30.357052544215293,93.73206290153966,30.352687117899983,98.38034636084188,-32.492353031278384,33.41352789173051,36.647905410864496,100.908939793114,-38.77271270196857,30.120508949577253
0.955955955955956,5.217962591205528,72.74066569424484,-19.928055649378074,44.345838343148245,30.36902196738597,96.63109584262148,-26.20748868562332,38.272530506706,5.216935461385044,71.5906553279555,-19.92617177211151,45.927537302130595,30.357044135679917,93.98184203731736,30.35268407065452,98.57611975569459,-32.49234218593286,33.64912026283168,36.64788858353527,101.12906424294033,-38.772705296821755,30.339770182112243
0.9569569569569568,5.217961291435398,72.93914372853446,-19.928042090374767,44.57055241435377,30.36899950256817,96.88114463129173,-26.20747981213167,38.49930745612665,5.21693548560833,71.81169358199519,-19.926160454076193,46.15988666454335,30.35703574627289,94.23029377326071,30.352681028208824,98.78194779012745,-32.492331364891584,33.880000723814526,36.64787179429897,101.33966466364733,-38.772697906939634,30.5667016645561
0.957957957957958,5.217959994181834,73.13436836540643,-19.928028563541925,44.78567361535788,30.36897709211814,97.12091852194375,-26.20747095803181,38.72417340642278,5.2169355085552285,72.02520610593591,-19.926149162458024,46.39180961475436,30.357027375927572,94.47150394246832,30.352677990556685,99.00107068252228,-32.49232056807151,34.104621271302015,36.647855043018424,101.54337624424716,-38.77269053227588,30.80055170611117
0.958958958958959,5.217958699436759,73.33114757023786,-19.92801506875925,44.99277633546184,30.36895473583192,97.34710219444507,-26.20746212325824,38.947139658782554,5.216935530235443,72.23375140764003,-19.92613789716029,46.62174327729261,30.357019024577617,94.70170577121527,30.352674957691868,99.23456539145062,-32.49230979538998,34.3231669777986,36.64783832955723,101.74391364363014,-38.77268317278434,31.03898537778868
0.95995995995996,5.2179574071921655,73.5340657532874,-19.928001605907063,45.19505173443469,30.36893243350648,97.55968281006635,-26.207453307745805,39.16882737686371,5.216935550658633,72.44045942555316,-19.926126658086776,46.84843334586473,30.357010692156955,94.91996535123037,30.352671929608096,99.48100577712266,-32.492299046764664,34.53712037890917,36.64782165377977,101.9452749095764,-38.77267582841906,31.278867065585857
0.960960960960961,5.217956117440122,73.74703042719473,-19.927988174866297,45.39658362851091,30.36891018493972,97.76141099848769,-26.207444511429657,39.389930450996125,5.216935569834406,72.64832234458356,-19.926115445141743,47.07111623207273,30.35700237859982,95.12782250431914,30.352668906299066,99.73641350038571,-32.49228832211362,34.748582015177874,36.64780501555119,102.15120723260787,-38.77266849913427,31.517206261095946
0.961961961961962,5.217954830172762,73.97270288755985,-19.9279747755185,45.60156185086297,30.368887989930467,97.9568017240972,-26.207435734245276,39.61086294099766,5.2169355877723245,72.85991451935197,-19.92610425822995,47.28976791904779,30.35699408384072,95.32852064934711,30.35266588775844,99.99474368730199,-32.49227762135526,34.959780576421984,36.64778841473739,102.36485914927152,-38.77266118488439,31.75180079743963
0.9629629629629628,5.217953545382291,74.21179043517247,-19.92796140774583,45.81357635575397,30.36886584827848,98.15117030937019,-26.20742697612847,39.83179225854265,5.216935604481903,73.07737810438881,-19.92609309725663,47.50532636750048,30.356985807814453,95.52629457521016,30.35266287397986,100.24908230146933,-32.49226694440833,35.172892189988275,36.64777185120503,102.58841857749393,-38.772653885624024,31.981409684127478
0.963963963963964,5.217952263060979,74.462374977174,-19.927948071431047,46.035055590220246,30.368843759784443,98.34987526750882,-26.207418237015354,40.05299035721236,5.216935619972608,73.30236885334647,-19.92608196212749,47.719690272518676,30.356977550456097,95.72579261091573,30.352659864956923,100.49333664661128,-32.492256291191964,35.38999409984951,36.6477553248215,102.82261852170035,-38.77264660130796,32.205651282656234
0.964964964964965,5.217950983201161,74.71969908365708,-19.927934766457515,46.26684861136517,30.36882172424995,98.55771307567717,-26.20740951684236,40.275183561238,5.216935634253856,73.53572747168232,-19.92607085274872,47.93534247910233,30.35696931170101,95.93153278037518,30.35265686068321,100.72379139777102,-32.49224566162563,35.61290551442552,36.647738835454945,103.06622172136629,-38.77263933189118,32.42492049954173
0.965965965965966,5.2179497057952355,74.97693791160088,-19.927921492709192,46.507965034763735,30.368799741477524,98.77832143714588,-26.207400815546244,40.49952696812688,5.216935647335016,73.77689996660685,-19.926059769026978,48.154663783785914,30.356961091484845,96.1473128745877,30.35265386115227,100.93992682742068,-32.49223505562915,35.84279882327033,36.64772238297423,103.31583000984432,-38.77263207732883,32.6404342101124
0.9669669669669668,5.217948430835667,75.22708764051585,-19.927908250070622,46.75558086391964,30.368777811270583,99.01347606330594,-26.207392133064054,40.72708844773212,5.216935659225409,74.02344427222368,-19.92604871086938,48.37922677613507,30.35695288974352,96.3755541673462,30.35265086635762,101.14433022777844,-32.492224473122704,36.079659978249616,36.647705967248946,103.56639478119001,-38.77262483757626,32.854294520628386
0.967967967967968,5.2179471583149795,75.46520613049196,-19.92789503842696,47.005450778719194,30.368755933433484,99.26232965589604,-26.20738346933316,40.95813548081654,5.216935669934304,74.27115742940637,-19.92603767818353,48.60939961919244,30.356944706413245,96.6165951010206,30.352647876292757,101.34192948503235,-32.492213914026806,36.32186613113401,36.6476895881494,103.81248099691808,-38.77261761258899,33.069360536985585
0.968968968968969,5.217945888225756,75.68974491071201,-19.92788185766392,47.25275380828572,30.368734107771463,99.52093546865252,-26.20737482429123,41.19175782848861,5.216935679470923,74.51517822871206,-19.926026670877473,48.84440452070457,30.3569365414305,96.86808151709207,30.352644890951144,101.53888292457596,-32.49220337826234,36.56626931054432,36.647673245546606,104.04983680433742,-38.77261040232271,33.28874976788498
0.96996996996997,5.217944620560641,75.90240074173138,-19.927868707667805,47.493216326670776,30.368712334090684,99.78263589253514,-26.207366197876233,41.42619483273152,5.216935687844439,74.75171188897899,-19.926015688859728,49.08269327565053,30.35692839473205,97.12492018647715,30.35264191032622,101.74139573064465,-32.49219286575052,36.80901580319996,36.64765693931229,104.27657349763533,-38.772603206733315,33.514984126169495
0.970970970970971,5.217943355312336,76.10704728406455,-19.927855588325507,47.72418260046997,30.368690612198197,100.0396780233459,-26.207357590026444,41.659702694324565,5.216935695063971,74.97935198037915,-19.92600473203926,49.32236822362157,30.356920266254935,97.3803692002308,30.3526389344114,101.95465611624982,-32.492182376412906,37.046831671687265,36.647640669318854,104.49346979200419,-38.772596025776856,33.7490955610419
0.971971971971972,5.2179420924735975,76.30861417251286,-19.927842499524477,47.94525085913738,30.368668941901955,100.28557859573229,-26.20734900068043,41.89134201376738,5.216935701138593,75.19922290821772,-19.925993800325497,49.56149507700422,30.35691215593647,97.62812996777485,30.352635963200083,102.18199806642498,-32.492171910171415,37.27807886882865,36.64762443543941,104.70341560992341,-38.77258885940957,33.99016781665973
0.9729729729729728,5.2179408320372405,76.51229236167084,-19.92782944115275,48.158275114406386,30.36864732301081,100.51701441794033,-26.20734042977707,42.12116495832969,5.216935706077325,75.41411860659176,-19.92598289362831,49.79832169521074,30.356904063714243,97.86429271721562,30.352632996685625,102.42430329822271,-32.49216146694829,37.50301262819382,36.64760823754775,104.91044161674986,-38.772581707587854,34.23562380887766
0.973973973973974,5.217939573996132,76.7229760787443,-19.927816413098913,48.36682005504331,30.3686257553345,100.73433779573845,-26.20733187725551,42.349808982558315,5.216935709889139,75.62739681990197,-19.925972011858025,50.031474259967666,30.35689598952612,98.08806168650922,30.35263003486137,102.67964388399602,-32.49215104666612,37.72327395594591,36.64759207551833,105.1188338967841,-38.77257457026831,34.482136323846376
0.974974974974975,5.217938318343194,76.94471959750325,-19.927803415252125,48.57531960961389,30.368604238683655,100.9408748451914,-26.207323343055204,42.577913629605085,5.216935712582955,75.84222671385692,-19.9259611549254,50.2601985906192,30.356887933310233,98.30131017378983,30.352627077720637,102.94330640413267,-32.492140649247844,37.941141068821736,36.6475759492263,105.33254764406892,-38.772567447407695,34.72665235997973
0.975975975975976,5.2179370650714,77.18005435651206,-19.927790447502105,48.788185576444334,30.368582772869793,101.14175053259221,-26.207314827115898,42.805797179988865,5.216935714167644,76.06132301254392,-19.925950322741652,50.48465233893206,30.35687989500499,98.50770759973062,30.35262412525672,103.208489526036,-32.49213027461671,38.159023245102055,36.647559858547446,105.5548092754854,-38.77256033896293,34.96702128710503
0.9769769769769768,5.217935814173775,77.42917563408251,-19.927777509739123,49.009029754555954,30.368561357705307,101.34280346248333,-26.207306329377605,43.03358577274373,5.216935714652025,76.2869331172898,-19.925939515218428,50.706114789885426,30.35687187454908,98.71192518429282,30.352621177462897,103.46781447886775,-32.49211992269633,38.37928634342229,36.64754380335823,105.78767588272056,-38.77255324489113,35.20211147296891
0.977977977977978,5.217934565643396,77.68926106985232,-19.927764601854,49.24006250486597,30.368539993003473,101.54975074814611,-26.207297849780648,43.261649304777315,5.216935714044867,76.52071055487757,-19.92592873226781,50.926882812880315,30.356863871881437,98.9189785057,30.35261823433241,103.71527022986689,-32.492109593410646,38.60417363454636,36.64752778353577,106.03145687785052,-38.77254616514955,35.43169331259249
0.978978978978979,5.217933319473386,77.95447082363646,-19.927751723738115,49.48166289051687,30.368518678578443,101.76750571225324,-26.207289388265615,43.490921637717584,5.216935712354887,76.76325131435355,-19.925917973802317,51.14972613280121,30.35685588694129,99.13359243570163,30.3526152958585,103.94780627016384,-32.49209928668392,38.83555220615985,36.64751179895782,106.28419421865185,-38.77253909969566,35.656396439466796
0.97997997997998,5.217932075656919,78.21719444899516,-19.92773887528338,49.73215934615825,30.368497414245237,101.9994718767774,-26.207280944773387,43.722708862464565,5.216935709590754,77.01341625061303,-19.925907239734897,51.3770601396083,30.35684791966811,99.35951184512906,30.352612362034364,104.1659630999143,-32.49208900244074,39.07440352919015,36.64749584950278,106.54164198381476,-38.77253204848706,35.8777907847552
0.980980980980981,5.217930834187217,78.47042790765519,-19.92772605638226,49.98796940658394,30.368476199819742,102.24671218331477,-26.207272519245112,43.95798608661749,5.216935705761081,77.26792547671917,-19.92589652997893,51.61021810427372,30.356839970001655,99.59874222102646,30.352609432853196,104.3734951216743,-32.49207874060606,39.320214250803254,36.647479935049695,106.79811578292137,-38.77252501148153,36.09841143964942
0.981981981981982,5.217929595057546,78.71009505314207,-19.927713266927743,50.244234727921416,30.36845503511872,102.50714402057346,-26.20726411162222,44.19665389356169,5.2169357008744335,77.52184892079516,-19.92588584444822,51.84916584864341,30.35683203788194,99.8507605277754,30.352606508308163,104.57632945824072,-32.49206850110512,39.570641452233325,36.64746405547822,107.0480948323796,-38.77251798863701,36.32147821573101
0.9829829829829828,5.21792835826122,78.9359578031789,-19.927700506813377,50.4959126027065,30.36843391995978,102.77528113766259,-26.20725572184641,44.43737283134701,5.216935694939326,77.7701886549042,-19.92587518305699,52.0927154328808,30.356824123249247,100.11197081842631,30.352603588392412,104.78124426773118,-32.49205828386352,39.82189266571802,36.64744821066864,107.28790833399901,-38.77251097991163,36.55016263572444
0.983983983983984,5.217927123791598,79.15094479087743,-19.927687775933215,50.73906135123303,30.36841285416141,103.0431966659335,-26.20724734985966,44.67820959831305,5.216935687964219,78.00979199523105,-19.925864545719893,52.33898789214407,30.356816226044113,100.37606226373128,30.352600673099072,104.99455596158606,-32.49204808880717,40.06991067654512,36.64743240050188,107.51672331345078,-38.772503985263654,36.78655733889474
0.984984984984985,5.21792589164208,79.35983676992005,-19.927675074181856,50.97188316544033,30.36839183754292,103.3028225129195,-26.207238995604214,44.91764624207297,5.216935679957525,78.24035427501283,-19.925853932351984,52.5858399521987,30.356808346207348,100.6357502072928,30.352597762421254,105.2210085587939,-32.49203791586229,40.31181244771648,36.647416624859446,107.73646430760132,-38.772497004651534,37.03083313027606
0.985985985985986,5.217924661806112,79.56814936591346,-19.927662401454413,51.1951327173564,30.368370869924505,103.54857778144097,-26.207230659022596,45.155192973667766,5.216935670927604,78.46401898209898,-19.92584334286875,52.83117530714339,30.35680048368002,100.88523453614171,30.352594856352052,105.46294387417625,-32.49202776495546,40.54674139469494,36.64740088362348,107.95091793818246,-38.77249003803387,37.28110077799263
0.986986986986987,5.217923434277182,79.78137631544098,-19.927649757646527,51.411804047853614,30.36834995112719,103.7788640760767,-26.207222340057573,45.391248592903196,5.216935660882763,78.68418203411868,-19.925832777186073,53.07320189652226,30.356792638403448,101.12186970524233,30.352591954884534,105.71974987091765,-32.49201763601354,40.77573455286436,36.64738517667672,108.16463174227374,-38.77248308536944,37.53411707764707
0.987987987987988,5.217922209048819,80.00437589578728,-19.92763714265436,51.62631134059712,30.368329080972845,103.99589746966655,-26.207214038652193,45.62649174054431,5.216935649831261,78.9043947851955,-19.925822235220263,53.31070657596692,30.356784810319223,101.34630761388404,30.35258905801177,105.98765918566316,-32.49200752896375,41.00095767906934,36.64736950390249,108.38207043917521,-38.77247614661716,37.78643248117233
0.988988988988989,5.217920986114593,80.24066911971718,-19.927624556374575,51.84347707488011,30.36830825928418,104.20451957746972,-26.207205754749765,45.861353978861786,5.216935637781304,79.12781237320968,-19.925811716888024,53.54338280207311,30.35677699936918,101.56167222699627,30.35258616572678,106.26017463074545,-32.49199744373358,41.22497095715213,36.64735386518471,108.60708130072584,-38.77246922173613,38.03532552733194
0.98998998998999,5.217919765468114,80.49156692495899,-19.92761199870437,52.06757852761953,30.368287485884743,104.41085241604856,-26.207197488293858,46.09595641319491,5.216935624741045,79.35708865688211,-19.925801222106468,53.77212990729271,30.356769205495425,101.77258503623773,30.352583278022603,106.52941253594683,-32.49198738025088,41.45037281659135,36.647338260407906,108.84243331823198,-38.77246231068559,38.279157442473256
0.990990990990991,5.2179185471030305,80.7552986594623,-19.92759946954143,52.3015845914219,30.368266760598924,104.62121425440915,-26.207189239228295,46.330511070418076,5.21693561071859,79.59431489248408,-19.925790750793112,53.999088625481185,30.356761428640308,101.98434983247178,30.35258039489224,106.78818997814827,-32.491977338443796,41.67968660370364,36.64732268945717,109.08922347236802,-38.77245541342496,38.51731122375195
0.991991991991992,5.217917331013031,81.02666144499095,-19.927586968783956,52.54660223818231,30.36824608325193,104.84128739232025,-26.20718100749717,46.56579076199116,5.216935595721989,79.84063672238918,-19.92578030286587,54.22719289529582,30.35675366874644,102.20222501870988,30.35257751632868,107.03205888276399,-32.49196731824078,41.91515467529335,36.64730715221818,109.34623490772798,-38.7724485299138,38.75010713545815
0.992992992992993,5.217916117191842,81.29790912789646,-19.92757449633065,52.80154290676557,30.36822545366979,105.07534285858789,-26.20717279304481,46.80313613750067,5.216935579759246,80.09553147650543,-19.92576987824306,54.45929903410271,30.35674592575668,102.43066775306573,30.3525746423249,107.26041694663765,-32.491957319570616,42.15824901309407,36.64729164857719,109.60967583207923,-38.772441660111845,38.978868879380826
0.993993993993994,5.217914905633226,81.56110194328134,-19.92756205208071,53.063139648977085,30.368204871679374,105.32534963049818,-26.20716459581581,47.043812218199506,5.2169355628383105,80.35618395314245,-19.925759476843385,54.69727903048011,30.356738199614146,102.67250701564338,30.35257177287386,107.47640728545383,-32.49194734236239,42.408986878272486,36.647276178421,109.87380717502892,-38.77243480397896,39.20599780818707
0.994994994994995,5.2179136963309825,81.81089304775661,-19.927549635933836,53.326497138147566,30.368184337108364,105.59002852472194,-26.207156415755023,47.28811668107696,5.216935544967082,80.61768799625388,-19.925749098585936,54.9415272620971,30.3567304902622,102.92805802855987,30.352568907968504,107.68591070381821,-32.49193738654548,42.66541419757105,36.647260741637005,110.13253599513563,-38.77242796147519,39.43477096510168
0.995995995995996,5.217912489278948,82.04605558469882,-19.92753724779022,53.586196450068144,30.36816384978524,105.86433412890138,-26.207148252807535,47.534969966241896,5.216935526153407,80.87452629568816,-19.925738743390212,55.191057189774725,30.356722797644466,103.19438232000671,30.35256604760177,107.89609949927876,-32.4919274520496,42.923782021629734,36.647245338113144,110.38135679002114,-38.77242113256072,39.66864221003255
0.996996996996997,5.217911284470993,82.26910057283037,-19.92752488755054,53.83771465260111,30.36814340953931,106.14016074241827,-26.207140106918693,47.782426959490806,5.216935506405086,81.12274624570254,-19.92572841117609,55.4439716860335,30.35671512170479,103.46535059660744,30.35256319176656,108.11392843293507,-32.491917538804756,43.179677924922544,36.647229967737914,110.61870414500159,-38.77241431719589,39.910131992331515
0.997997997997998,5.217910081901024,82.48486941103134,-19.927512555115964,54.07868522749701,30.3681230162007,106.40865209124735,-26.207131978034088,48.028766917416775,5.216935485729864,81.3613996264665,-19.925718101863833,55.69795659596722,30.3567074623873,103.73322721016024,30.352560340455792,108.34481941070321,-32.49190764674126,43.42964808848684,36.64721463040036,110.8461266589178,-38.77240751534121,40.15980737075731
0.998998998998999,5.217908881562978,82.69920468091767,-19.927500250388142,54.30950392449841,30.36810266960031,106.66322247106305,-26.20712386609955,48.27329224108269,5.216935464135437,81.5923856047722,-19.92570781537408,55.950660134046906,30.356699819636344,103.99136514259064,30.35255749366235,108.59166342932694,-32.491897775789724,43.67234217722132,36.64719932599008,111.06742041708198,-38.772400726957315,40.41597982112026
1.0,5.2179076834508304,82.91803451805815,-19.92748797326921,54.53309753354443,30.36808236956987,106.9015498000361,-26.20711577106116,48.516297418120146,5.2169354416294516,81.81919813158856,-19.92569755162786,56.200017446182635,30.356692193396533,104.23634550529768,30.352554651379112,108.85415255317118,-32.491887925881066,43.90856378746784,36.64718405439721,111.2873916970871,-38.77239395200502,40.675368796952725
