t,p,x0,x1,x2,x3,x4,x5,x6,x7,x8,x9,x10,x11,x12,x13,x14,x15,x16,x17,x18,x19,x20,x21
0.0,0.0,-20.71461603862646,-7.412747059171343,-13.525325532527287,-19.9225530403965,-20.712005989653907,2.049421283713649,33.762130497393855,-2.5284392002819223,37.6003075806238,10.712817099788001,-24.590719241330838,27.316078550024773,5.4277193014823,-26.417377406734513,-0.43231194999925443,-21.31669337383943,0.1810214320037526,-0.31199247113009554,-5.532003763538015,7.266249337098524,1.783863476758769,39.03308291681149
0.02,0.001001001001001001,-20.715448990518283,-7.413049718903958,-13.52586810349559,-19.92335612198293,-20.71283901507563,2.0494999456674443,33.763479024431334,-2.5285417073946617,37.6018072901127,10.713243665837544,-24.591705762680274,27.31716875018262,5.427935691681937,-26.418434498013895,-0.432332588599333,-21.31754699546621,0.18102745602560003,-0.31201051143497366,-5.532229745414285,7.266534075032557,1.7839336015626925,39.03464066691494
0.04,0.002002002002002002,-20.716248481374063,-7.413365138357537,-13.526429930551776,-19.92415170303812,-20.71361087837193,2.0495816575785257,33.7648175362046,-2.528655158832078,37.60329162706624,10.71372563907147,-24.592675997770066,27.318240283084446,5.42816420543002,-26.41951688639416,-0.43235082415712794,-21.31837720005524,0.1810160689166816,-0.31202368424284505,-5.532464102893754,7.266801779107831,1.7839763791457521,39.03616121890248
0.06,0.003003003003003003,-20.717014537646026,-7.413693338918646,-13.527010975175159,-19.924939737626453,-20.714321575331088,2.049666389935967,33.76614613980285,-2.528779574300499,37.604760542301065,10.714262963252835,-24.593629894095184,27.319293137112073,5.4284048543312995,-26.420624614421772,-0.4323666564713923,-21.31918408304885,0.18098728965957223,-0.3120319739162255,-5.5327067975634625,7.267052474537959,1.7839917866990276,39.037644589351466
0.08,0.004004004004004004,-20.717747186060087,-7.414034337591262,-13.527611191850468,-19.92572017725607,-20.71497110817503,2.0497541140386364,33.767464942899146,-2.528914973214131,37.606213986795254,10.71485558950202,-24.594567402275384,27.32032730071962,5.428657653943155,-26.421757724218697,-0.4323800851930138,-21.31996773629907,0.1809411324145576,-0.31203536691566547,-5.532957792788433,7.267286179484232,1.7839798004386884,39.03909079007136
0.1,0.005005005005005005,-20.718446453607697,-7.414388147006414,-13.528230528065471,-19.92649297087741,-20.715559485538325,2.0498448019902487,33.76877405374258,-2.529061374700796,37.60765191167895,10.715503476262647,-24.595488476043595,27.321342762434064,5.428922623777124,-26.42291625748224,-0.43239110982396706,-21.320728248058607,0.1808776065396249,-0.3120338517964388,-5.533217053718365,7.267502905062699,1.7839403955983508,39.0404998281024
0.12,0.006006006006006006,-20.71911236753735,-7.414754775432028,-13.528868924307476,-19.927258064881904,-20.71608672244988,2.0499384266944647,33.77007358115062,-2.529218797607095,37.609074268224994,10.71620658926691,-24.596393072235053,27.32233951085556,5.429199787301321,-26.424100255484348,-0.4323997297164884,-21.321465702971487,0.18079671661229837,-0.31202741920404387,-5.533484547295181,7.267702655350684,1.7838735464215998,39.04187170571325
0.14,0.007007007007007007,-20.71974495534568,-7.415134226782938,-13.529526314058756,-19.928015403100925,-20.71655284031731,2.0500349618500406,33.77136363450167,-2.529387260503003,37.610481007839496,10.716964901500367,-24.59728115077718,27.32331753465747,5.429489171943746,-26.425309759070313,-0.4324059440724738,-21.32218018206337,0.1806984624533149,-0.3120160618685236,-5.533760242261403,7.267885427392739,1.783779226154683,39.043206420397716
0.16,0.008008008008008008,-20.72034424476821,-7.415526500631063,-13.530202623790887,-19.928764926804885,-20.716957866914008,2.0501343819460316,33.77264432372785,-2.5295667816859018,37.61187208205242,10.717778393166165,-24.598152674680225,27.32427682258616,5.429790809096471,-26.426544808656896,-0.43240975194309894,-21.322871762731545,0.18058283915213827,-0.3119997745976106,-5.5340441091693755,7.268051211206031,1.7836574070393854,39.044503964870415
0.18,0.009009009009009009,-20.720910263769703,-7.41593159221573,-13.530897772958046,-19.92950657470258,-20.71730183636891,2.050236662257045,33.77391575930803,-2.5297573791840455,37.61324744250809,10.718647051648748,-24.59900761002864,27.325217363460535,5.4301047341206985,-26.427805444229875,-0.43241115222866044,-21.323540518734557,0.18044983709431306,-0.3119785542687061,-5.534336120391323,7.2681999897851615,1.783508060306094,39.045764327061434
0.2,0.01001001001001001,-20.7214430405341,-7.416349492454157,-13.531611673989286,-19.93024028294072,-20.717584789158888,2.0503417788385465,33.77517805226098,-2.5299590707594684,37.61460704095565,10.71957087147702,-24.59984592597325,27.326139146171318,5.430430986352679,-26.429091705341,-0.4324101436786373,-21.32418652018148,0.18029944199066117,-0.3119523998197006,-5.534636250130236,7.268331739106421,1.7833311561670584,39.04698749010997
0.22,0.011011011011011011,-20.721942603454117,-7.416780187952052,-13.532344232279819,-19.930965985103708,-20.717806772103792,2.0504497085222213,33.776431314138826,-2.5301718739103354,37.615950829239495,10.720549854286983,-24.600667594724168,27.327042159680094,5.430769609110485,-26.43040363110438,-0.43240672489197157,-21.324809833520824,0.18013163490832715,-0.31192131223864566,-5.534944474431585,7.268446428131493,1.783126663809857,39.048173432357004
0.24,0.012012012012012012,-20.722408981120388,-7.417223661014366,-13.53309534618134,-19.931683612213643,-20.717967838364093,2.0505604289113877,33.77767565702063,-2.5303958058727365,37.6172787592896,10.72158400878384,-24.601472591544507,27.327926393018107,5.431120649701625,-26.43174126019225,-0.43240089431756673,-21.32541052152903,0.17994639230368076,-0.3118852945522873,-5.535260771195858,7.268544018810601,1.7828945513910754,39.04932212733691
0.26,0.013013013013013013,-20.722842202310233,-7.4176798896561635,-13.533864906991433,-19.932393092730567,-20.71806804744109,2.050673918376467,33.77891119350624,-2.530630883621934,37.61859078311178,10.722673350703545,-24.60226089474483,27.32879183528481,5.4314841594314816,-26.433104630830194,-0.4323926502550018,-21.325988643298604,0.17974368605708735,-0.3118443518134711,-5.5355851201919135,7.26862446608513,1.7826347860302045,39.05043354376808
0.28,0.014014014014014014,-20.72324229597601,-7.418148847613641,-13.534652798942078,-19.933094352552985,-20.71810746517964,2.0507901560505095,33.78013803671025,-2.5308771238730574,37.6198868527779,10.723817902773801,-24.603032485678415,27.329638475646185,5.431860193612575,-26.434493780791723,-0.4323819908554601,-21.326544254225823,0.17952348350955952,-0.3117984910874314,-5.535917503071143,7.268687717889708,1.782347333803766,39.051507645542536
0.3,0.015015015015015015,-20.723609291233053,-7.418630504355271,-13.535458899187349,-19.933787315018645,-20.718086163773386,2.0509091218247746,33.78135630025623,-2.5311345430812584,37.62116692041599,10.725017694674484,-24.60378734873726,27.330466303332823,5.4322488115746275,-26.435908747392308,-0.43236891412287004,-21.327077405998047,0.17928574750130558,-0.3117477214369768,-5.536257903382438,7.268733715153795,1.7820321597396727,39.052544391714555
0.32,0.016016016016016016,-20.72394321734718,-7.4191248250930935,-13.53628307779028,-19.934471900905624,-20.71800422177241,2.0510307963443712,33.78256609827108,-2.5314031574413214,37.622430938200196,10.72627276299747,-24.604525471348893,27.331275307637792,5.4326500766754116,-26.43734956748279,-0.4323534179152564,-21.327588146580602,0.17903043641219293,-0.31169205390658483,-5.536606306587952,7.2687623918027695,1.7816892278118277,39.053543736488265
0.34,0.017017017017017015,-20.724244103721784,-7.419631770794157,-13.53712519770901,-19.93514802843372,-20.717861724093257,2.0511551610039542,33.783767545379625,-2.531682982886739,37.62367885834075,10.727583151205831,-24.60524684397392,27.33206547791425,5.4330640563123795,-26.4388162774422,-0.432335499946299,-21.32807652020324,0.17875750420414652,-0.3116315015054199,-5.536962700079653,7.268773674758549,1.781318500934975,39.05450562920433
0.36,0.018018018018018018,-20.72451197988448,-7.42015129819212,-13.537985114782222,-19.935815613266158,-20.717658762031277,2.05128219794348,33.78496075669931,-2.5319740350882536,37.62491063307373,10.7289489095924,-24.60595146010436,27.33283680357285,5.433490821935047,-26.44030891316998,-0.4323151577870971,-21.32854256734618,0.1784669004655052,-0.31156607918928975,-5.537327073196647,7.268767483939763,1.780919940959802,39.055430014325566
0.38,0.01901901901901902,-20.724746875473333,-7.420683359799015,-13.538862677713944,-19.936474568511667,-20.717395433275218,2.0514118900440197,33.786145847835144,-2.5322763294518675,37.62612621465076,10.730370095237634,-24.606639316262758,27.333589274078932,5.433930449058116,-26.4418275100776,-0.4322923888681364,-21.328986324725697,0.17815857045736083,-0.3114958038415547,-5.537699417243286,7.268743732261508,1.7804935086683036,39.0563168314217
0.4,0.02002002002002002,-20.72494882022263,-7.421227903917211,-13.539757728057761,-19.937124804726906,-20.717071841924017,2.0515442209236374,33.78732293487474,-2.532589881116329,37.62732555532856,10.731846771966755,-24.607310412002004,27.334322878949475,5.434383017275322,-26.4433721030796,-0.4322671904814556,-21.329407825279294,0.1778324551619071,-0.31142069425300717,-5.538079725508021,7.2687023256347025,1.780039163769415,39.057166015153115
0.42,0.02102102102102102,-20.725117843948187,-7.421784874651565,-13.540670100200517,-19.93776622991929,-20.71668809850566,2.051679174933324,33.78849213438355,-2.5329147049500955,37.62850860735843,10.73337901030614,-24.607964749905967,27.335037607749847,5.4348486102739795,-26.444942726583974,-0.43223955978301,-21.329807098150418,0.17748849133282765,-0.3113407711007379,-5.538467993283016,7.268643162965088,1.7795568648949178,39.05797749525373
0.44,0.022022022022022022,-20.72525397653224,-7.422354211921795,-13.541599621345535,-19.938398749550228,-20.716244319998104,2.051816737152994,33.789653563400286,-2.53325081554778,37.62967532297549,10.734966887438876,-24.608602335590824,27.33573345009035,5.435327315850211,-26.446539414482015,-0.4322094937952285,-21.330184168672737,0.1771266115477548,-0.31125605692600605,-5.538864217884489,7.268566136151897,1.7790465695956257,39.0587511965129
0.46,0.023023023023023025,-20.725357247907844,-7.422935851475091,-13.542546111495467,-19.9390222665388,-20.71574062985211,2.051956893387548,33.790807339432384,-2.533598227226085,37.63082565438791,10.736610487159474,-24.609223177707147,27.336410395622533,5.435819225924835,-26.448162200137503,-0.4321769894097613,-21.33053905835398,0.17674674426283243,-0.31116657611113296,-5.539268398673793,7.268471130086236,1.7785082343378573,39.05948703875651
0.48,0.024024024024024024,-20.725427688042807,-7.4235297248989855,-13.5435093834348,-19.939636681265906,-20.715177158015955,2.052099630162995,33.79195358045171,-2.533956954019223,37.63195955376593,10.738309899827641,-24.60982728794271,27.33706843403533,5.436324436559888,-26.44981111637532,-0.43214204339041384,-21.33087178485933,0.17634881386941886,-0.3110723548554373,-5.539680537079197,7.2683580226492115,1.7779418145002017,39.060184936827156
0.5,0.025025025025025023,-20.725465326923175,-7.424135759634505,-13.544489242712123,-19.940241891578893,-20.714554040961872,2.0522449347226375,33.793092404890366,-2.5343270096738393,37.63307697323071,10.740065222321087,-24.610414681026008,27.337707555050976,5.436843047975762,-26.451486195469432,-0.4321046523762643,-21.331182361994355,0.17593274075296722,-0.3109734211502326,-5.540100636618376,7.268226684709851,1.777347264370581,39.06084480056354
0.52,0.026026026026026026,-20.72547019453622,-7.42475387898963,-13.545485487622196,-19.940837792796717,-20.71387142171417,2.0523927950233274,33.7942239316366,-2.5347084076434303,37.63417786484308,10.74187655798728,-24.61098537473048,27.33832774842071,5.437375164568921,-26.45318746913029,-0.43206481288496,-21.33147079968753,0.17549844135412312,-0.31086980475290704,-5.540528702921585,7.268076980122862,1.7767245371436196,39.061466534778994
0.54,0.02702702702702703,-20.72544232085296,-7.42538400215309,-13.546497909187941,-19.94142427771565,-20.71312944987891,2.0525431997317805,33.79534828003085,-2.5351011610822716,37.635262180592136,10.743744016594086,-24.611539389879425,27.33892900392032,5.43792089493018,-26.454914968491593,-0.43202252131618984,-21.331737103972305,0.1750458282320811,-0.3107615371601078,-5.540964743755505,7.2679087657262755,1.7760735849183222,39.06205003923931
0.56,0.028028028028028028,-20.72538173581017,-7.426026044208518,-13.547526291142388,-19.942001236615553,-20.712328281675013,2.052696138220963,33.79646556986192,-2.5355052828388516,37.63632987238361,10.745667714279215,-24.612076750351594,27.33951131134546,5.438480351863514,-26.456668724096456,-0.4319777739553273,-21.331981276968715,0.17457481013024334,-0.3106486515800505,-5.541408769047742,7.2677218913390345,1.7753943586960697,39.06259520863975
0.58,0.029029029029029027,-20.725288469291943,-7.426679916149,-13.548570409910697,-19.94256855726678,-20.711468079966732,2.0528516005665423,33.797575921363226,-2.535920785448826,37.63738089202814,10.747647773498404,-24.612597483087445,27.34007466050679,5.439053652405361,-26.458448765882974,-0.43193056697724125,-21.332203316864597,0.17408529204422615,-0.3105311829039782,-5.54186079091197,7.267516199758568,1.7746868083789362,39.0631019325814
0.6,0.03003003003003003,-20.725162551110714,-7.427345524892052,-13.549630034592315,-19.94312612493772,-20.710549014297328,2.0530095775434067,33.79867945520916,-2.5363476811274914,37.638415191229335,10.749684322972236,-24.613101618096028,27.34061904122493,5.4396409178443985,-26.46025512316916,-0.4318808964502689,-21.332403217896346,0.173577175292261,-0.3104091676767918,-5.542320823673698,7.267291526758432,1.7739508827683366,39.06357009554682
0.62,0.031031031031031032,-20.72500401098781,-7.428022773295048,-13.55070492694337,-19.943673822402992,-20.709571260923862,2.0531700606222554,33.79977629251154,-2.536785981761787,37.63943272157169,10.751777497631519,-24.613589188462527,27.34114444332523,5.440242273741745,-26.46208782463727,-0.43182875834034745,-21.332580970329264,0.17305035758803902,-0.31028264406687717,-5.542788883896634,7.267047701086051,1.7731865295640072,39.06399957687512
0.64,0.03203203203203203,-20.724812878533495,-7.428711560171141,-13.551794841359383,-19.944211529952376,-20.70853500285296,2.053333041966257,33.80086655481613,-2.537235698901828,37.640433434508275,10.753927438561123,-24.61406023035639,27.341650856632352,5.440857849951571,-26.463946898317534,-0.4317741485152994,-21.332736560437496,0.17250473311604955,-0.31015165183515275,-5.543264990409643,7.266784544460664,1.7723936953633284,39.06439025073635
0.66,0.03303303303303303,-20.72458918322651,-7.429411780305717,-13.5528995248584,-19.94473912540048,-20.707440429877444,2.053498514427781,33.80195036409927,-2.5376968437519793,37.64141728134832,10.756134292942173,-24.614514783040068,27.34213827096469,5.441487780642057,-26.465832371571267,-0.4317170627492666,-21.332869970483554,0.17194019260946447,-0.3100162323033634,-5.543749164334272,7.266501871571505,1.7715723256609925,39.06474198610548
0.68,0.03403403403403403,-20.724332954393095,-7.430123324473403,-13.554018717064624,-19.945256484097182,-20.706287738613693,2.0536664715452004,33.80302784276448,-2.5381694271614768,37.642384213244526,10.758398213992493,-24.614952888878314,27.342606676128593,5.44213220431669,-26.467744271073354,-0.4316574967272886,-21.332981178697437,0.17135662343062205,-0.30987642832164675,-5.544241429112814,7.266199490076328,1.7707223648490278,39.065054646735774
0.7000000000000001,0.035035035035035036,-20.724044221185522,-7.4308460794556845,-13.555152150192658,-19.94576347893887,-20.70507713253958,2.0538369075397673,33.80409911363924,-2.538653459614596,37.643334181180265,10.760719360905192,-24.615374593348044,27.343056061912453,5.442791263835823,-26.469682622794142,-0.43159544605002054,-21.33307015925538,0.17075390965416534,-0.309732284235398,-5.54474181053691,7.265877200600332,1.7698437562171798,39.06532809113179
0.72,0.036036036036036036,-20.723723012560097,-7.431579928059162,-13.556299549032449,-19.946259980380567,-20.703808822032876,2.054009817312563,33.80516429997173,-2.5391489512203855,37.644267135956525,10.763097898785272,-24.61577994504872,27.343486418080587,5.443465106438491,-26.47164745198071,-0.4315309062385847,-21.33313688225821,0.17013193215289119,-0.3095838458514608,-5.545250336776641,7.265534796735573,1.7689364419536604,39.06556217252197
0.74,0.037037037037037035,-20.72336935725467,-7.4323247491344855,-13.557460630935037,-19.946745856448928,-20.70248302440998,2.054185196441525,33.80622352542762,-2.539655911701961,37.6451830281787,10.765533998584127,-24.61616899571325,27.343897734366987,5.444153883764402,-26.473638783137538,-0.43146387273955167,-21.33318131370933,0.16949056868636783,-0.309431160403672,-5.545767038410108,7.265172065040967,1.7680003631462688,39.065756738830935
0.76,0.03803803803803804,-20.72298328376561,-7.433080417596011,-13.55863510579921,-19.947220972756142,-20.7010999639648,2.0543630411785476,33.80727691408693,-2.5401743503853775,37.646081808243174,10.768027837031813,-24.616541800219373,27.3442900004689,5.444857751876094,-26.475656640006555,-0.4313943409300451,-21.333203415492367,0.16882969399237965,-0.3092742765177882,-5.5462919484534705,7.264788785042948,1.7670354597838938,39.06591163265147
0.78,0.03903903903903904,-20.722564820324315,-7.4338468044422195,-13.559822676059177,-19.947685192514832,-20.699659872007704,2.0545433484466624,33.80832459044085,-2.540704276188081,37.64696342632369,10.770579596566947,-24.616898416601494,27.34466320604025,5.445576871281169,-26.477701045546585,-0.43132230612296535,-21.33320314534848,0.16814917988125913,-0.30911324417582325,-5.54682510239141,7.264384729236905,1.7660416707584008,39.06602669121636
0.8,0.04004004004004004,-20.722113994873155,-7.434623776776944,-13.561023036673348,-19.948138376553942,-20.6981629869043,2.054726115837298,33.80936667938862,-2.541245697606948,37.64782783235752,10.773189465264094,-24.61723890606295,27.345017340684915,5.446311406954587,-26.47977202191219,-0.4312477635723262,-21.333180456853327,0.16744889533316706,-0.30894811467982625,-5.547366538208004,7.263959663089478,1.765018933866916,39.06610174637006
0.8200000000000001,0.04104104104104104,-20.721630835040955,-7.4354111978314394,-13.562235875114347,-19.948580383335653,-20.696609554113994,2.054911341607619,33.810403306234385,-2.541798622705924,37.64867497603146,10.775857636758486,-24.617563332988713,27.345352393949877,5.44706152836094,-26.481869590431895,-0.4311707084786994,-21.333135299393735,0.16672870659838263,-0.30877894061512945,-5.547916296417976,7.263513345041836,1.7639671858145098,39.06613662454036
0.84,0.04204204204204204,-20.721115368117964,-7.436208926987341,-13.563460871360364,-19.949011068973405,-20.694999826228106,2.0550990246779457,33.81143459668404,-2.542363059103268,37.64950480676755,10.778584310167922,-24.61787176495843,27.34566835531819,5.447827409476665,-26.48399377158582,-0.4310911359947619,-21.33306761814408,0.16598847730066638,-0.30860577581309684,-5.5484744200983025,7.263045526514035,1.7628863622172908,39.06613114671002
0.86,0.043043043043043044,-20.720567621030323,-7.437016819800562,-13.56469769788795,-19.94943028725102,-20.69333406300741,2.0552891646292606,33.81246067684206,-2.54293901395841,37.65031727370869,10.781369690011683,-24.618164272759856,27.34596521420184,5.448609228812134,-26.486144584982704,-0.43100904123093914,-21.332977354042388,0.16522806854375918,-0.30842867531340395,-5.54904095492013,7.2625559519105884,1.7617763976059169,39.06608512838855
0.88,0.044044044044044044,-20.71998762031404,-7.437834728026164,-13.565946019666372,-19.949837889642986,-20.691612531418947,2.0554817617007943,33.8134816732083,-2.5435264939584363,37.6511123257039,10.784213986126295,-24.618440930402578,27.346242959934486,5.4494071694335435,-26.48832204933634,-0.43092441926114045,-21.332864443766184,0.16444733902108138,-0.30824769532588037,-5.549615949180999,7.2620443586273575,1.7606372254295333,39.06599837958416
0.9,0.04504504504504504,-20.71937539208849,-7.438662499644249,-13.56720549415364,-19.95023372533596,-20.689835505671965,2.0556768167877006,33.81449771267476,-2.544125505304203,37.651889911293516,10.787117413577947,-24.618701815132052,27.346501581764045,5.450221418984565,-26.490526182441396,-0.4308372651285792,-21.33272881970812,0.1636461451286964,-0.30806289319194646,-5.550199453837316,7.261510477059903,1.7594687780601443,39.065870704776025
0.92,0.04604604604604605,-20.718730962029447,-7.439499978886915,-13.568475771294338,-19.950617641251487,-20.68800326725277,2.0558743314388193,33.81550892252228,-2.5447360536960977,37.65264997869407,10.7900801925714,-24.61894700744389,27.346741068845173,5.4510521697076655,-26.49275700114865,-0.4307475738516734,-21.332570409951373,0.16282434108160368,-0.30787432734567666,-5.550791522537063,7.260954030613424,1.7582709867974293,39.0657019028869
0.9400000000000001,0.04704704704704705,-20.718054355341618,-7.44034700626632,-13.569756493519339,-19.950989482070007,-20.686116104958423,2.0560743078545247,33.81651543041719,-2.5453581443194526,37.65339247578301,10.79310254835517,-24.619176591098373,27.346961410231643,5.4518996184650375,-26.495014521339645,-0.4306553404300197,-21.332389138244878,0.1619817790334259,-0.30768205727452097,-5.5513922116526935,7.260374735714429,1.7570437818740121,39.065491767256226
0.96,0.04804804804804805,-20.71734559673077,-7.441203418603896,-13.571047295747558,-19.951349090256194,-20.684174314929006,2.05627674888467,33.8175173644079,-2.5459917818296227,37.654117350083155,10.796184711122796,-24.619390653135177,27.347162594868593,5.452763966759062,-26.497298757900737,-0.4305605598504365,-21.332184923978375,0.16111830919955544,-0.3074861434797186,-5.552001580314196,7.25977230182429,1.7557870924611936,39.06524008561385
0.98,0.04904904904904905,-20.71660471037538,-7.442069049060758,-13.572347805389839,-19.951696306085637,-20.68217820067842,2.0564816580266188,33.818514852921375,-2.5466369703367393,37.654824548746994,10.799326915909987,-24.619589283888242,27.34734461158469,5.453645420752227,-26.499609724696576,-0.43046322709306933,-21.331957682157345,0.16023377998382526,-0.30728664743643574,-5.552619690442281,7.259146431454826,1.754500846675157,39.064946640054394
1.0,0.050050050050050046,-20.71583171989786,-7.442943727169346,-13.573657642355109,-19.952030967672922,-20.68012807312343,2.056689039423375,33.81950802475955,-2.54729371339015,37.65551401854071,10.802529402487403,-24.619772577000777,27.347507449084183,5.454544191286417,-26.501947434543,-0.4303633371375529,-21.33170732337782,0.1593280381087683,-0.30708363155366164,-5.553246606781645,7.258496820186082,1.7531849715836603,39.0646112070125
1.02,0.05105105105105105,-20.71502664833541,-7.443827278866346,-13.574976419058899,-19.952352911001174,-20.67802425061091,2.056898897861807,33.82049700909562,-2.5479620139625583,37.65618570582803,10.805792415248883,-24.619940629440357,27.347651095938904,5.4554604939015,-26.504311899179353,-0.4302608849692245,-21.33143375380112,0.15840092874953035,-0.30687715913389557,-5.553882396934299,7.2578231566864675,1.751839393213221,39.06423355723896
1.04,0.05205205205205205,-20.714189518110416,-7.444719526526932,-13.576303740434378,-19.95266196995305,-20.675867058943016,2.0571112387709687,33.82148193547021,-2.548641874433874,37.65683955655384,10.809116203094845,-24.620093541514073,27.347775540580137,5.456394548853102,-26.50670312924025,-0.4301558655853823,-21.331136875128536,0.15745229567149943,-0.30666729433265977,-5.554527131392892,7.257125122735436,1.7504640365568127,39.063813455777975
1.06,0.05305305305305305,-20.713320351000533,-7.445620289000364,-13.577639203945994,-19.952957976343257,-20.673656831400205,2.0573260682205246,33.822462933787456,-2.549333296574788,37.657475516227585,10.812501019310641,-24.620231416883698,27.347880771290463,5.4573465811295065,-26.50912113422675,-0.4300482740015836,-21.330816584576,0.15648198137171493,-0.3064541021178714,-5.555180883574008,7.256402393248883,1.7490588255820787,39.06335066194557
1.08,0.05405405405405406,-20.712419168108383,-7.44652938164698,-13.578982399605863,-19.953240759952635,-20.671393908761917,2.0575433929192717,33.82344013431089,-2.550036281530082,37.65809352990644,10.815947121439589,-24.620354362580834,27.347966776195513,5.4583168204675525,-26.511565922476986,-0.4299381052579759,-21.330472774848772,0.15548982722411803,-0.3062376482291079,-5.555843729851385,7.255654636307446,1.747623683240082,39.06284492930939
1.1,0.055055055055055056,-20.711485989830933,-7.447446616376633,-13.580332909993015,-19.95351014856382,-20.66907863932473,2.057763220213771,33.824413667659236,-2.55075082980169,37.65869354217831,10.819454771150436,-24.620462489022003,27.348033543255674,5.459305501367456,-26.514037501136258,-0.42982535442565695,-21.330105334116173,0.15447567362870435,-0.30601799913680017,-5.556515749589019,7.254881513187924,1.7461585314746018,39.06229600566999
1.12,0.056056056056056056,-20.71052083582859,-7.44837180168859,-13.581690310275619,-19.953765967998535,-20.666711378917864,2.057985558087081,33.82538366480199,-2.551476941231526,37.65927549714458,10.823024234098984,-24.620555910023636,27.34808106025776,5.460312863106432,-26.516535876126547,-0.42971001661305636,-21.329714145986397,0.15343936016463783,-0.3057952220013881,-5.5571970251741,7.254082678398003,1.7446632912319922,39.06170363304377
1.1400000000000001,0.057057057057057055,-20.709523724993986,-7.449304742712948,-13.583054168236309,-19.954008042156556,-20.664292490915866,2.058210415157604,33.826350257054884,-2.552214614984089,37.659839338402634,10.826655779783568,-24.620634742816915,27.34810931480662,5.461339149751021,-26.519061052115514,-0.4295920869723337,-21.329299089481474,0.15238072574738368,-0.3055693846324723,-5.557887642049728,7.253257779714507,1.7431378824716195,39.06106754764773
1.16,0.058058058058058054,-20.70849467542056,-7.450245241253582,-13.584424044300732,-19.95423619305637,-20.66182234624831,2.058437800678041,33.82731357607512,-2.5529638495288633,37.66038500902825,10.830349681394123,-24.62069910806245,27.348118294316762,5.462384610168002,-26.521613032484968,-0.42947156070578785,-21.328860039012362,0.15129960878991583,-0.30534055544799704,-5.558587688747387,7.252406458225408,1.7415822241768921,39.06038747988624
1.18,0.05905905905905906,-20.707433704370906,-7.451193095832676,-13.585799491569434,-19.954450240877577,-20.65930132340636,2.05866772453446,33.82827375385644,-2.5537246426225266,37.6609124515577,10.834106215654526,-24.620749129864713,27.348107986003914,5.463449498033769,-26.5241918192988,-0.4293484330722711,-21.328396864354275,0.1501958473680528,-0.3051088034334987,-5.559297256919091,7.251528348375812,1.739996234366902,39.05966315433993
1.2,0.06006006006006006,-20.706340828244954,-7.452148101736847,-13.587180055853207,-19.954650004005046,-20.65672980844605,2.0589001972454843,33.82923092272398,-2.5544969912909865,37.66142160796967,10.837925662657893,-24.62078493578623,27.34807837687662,5.464534071842064,-26.526797413270405,-0.4292226993936035,-21.327909430622242,0.14906927938997283,-0.3048741981014539,-5.560016441369174,7.250623078018166,1.7383798301086955,39.05889428975702
1.22,0.06106106106106106,-20.70521606254803,-7.453110051064914,-13.588565275712009,-19.954835299074894,-20.654108194988122,2.059135229961597,33.83018521532888,-2.5552808918112584,37.66191241966704,10.84180830569454,-24.620806656861433,27.34802945372782,5.4656385949099215,-26.529429813729607,-0.4290943550609809,-21.32739759824696,0.14791974276995712,-0.3046368094507617,-5.560745340085664,7.249690268466943,1.7367329275301902,39.05808059904711
1.24,0.062062062062062065,-20.704059421858787,-7.454078732777314,-13.58995468249758,-19.955005941022282,-20.651436884214302,2.0593728344645656,33.831136764642714,-2.556076339693203,37.66238482745838,10.845754431072226,-24.620814427610192,27.347961203126452,5.4667633353817005,-26.532089018589073,-0.42896339554137203,-21.326861222951,0.1467470756064064,-0.3043967079263945,-5.561484054271186,7.248729534558053,1.7350554418337607,39.05722178927779
1.26,0.06306306306306306,-20.702870919797142,-7.455053932747214,-13.591347800399875,-19.95516174313108,-20.64871628485981,2.0596130231669973,33.83208570395164,-2.5568833296611393,37.66283877153931,10.84976432792839,-24.62080838605092,27.347873611409106,5.467908566231072,-26.534775024310253,-0.4288298163838988,-21.32630015572538,0.14555111636417337,-0.3041539643792509,-5.562232688373334,7.247740484713256,1.7333472873105122,39.056317561674206
1.28,0.06406406406406406,-20.701650568992154,-7.456035433813315,-13.5927441464974,-19.95530251708543,-20.64594681320203,2.0598558091120163,33.83303216685031,-2.557701855635355,37.66327419147368,10.853838288033991,-24.620788673713264,27.347766664671695,5.469074565260812,-26.53748782586884,-0.4286936132261948,-21.325714242806605,0.14433170406124932,-0.3039086500262447,-5.562991350114462,7.246722721009846,1.731608377355264,39.0553676116218
1.3,0.06506506506506507,-20.700398381049983,-7.457023015834392,-13.594143230811616,-19.95542807302323,-20.64312889304518,2.0601012059730732,33.833976287235515,-2.558531910713529,37.66369102617453,10.85797660558861,-24.620755435650263,27.347640348761207,5.47026161510025,-26.540227416719755,-0.4285547818007368,-21.325103325654165,0.14308867845984005,-0.3036608364106637,-5.563760150520822,7.245675839255907,1.7298386244822657,39.054371628672506
1.32,0.06606606606606606,-20.699114366521943,-7.458016455745572,-13.59554455636547,-19.955538219591567,-20.6402629557008,2.0603492280538913,33.834918199299565,-2.5593734871520875,37.66408921388491,10.862179577006431,-24.620708820450027,27.347494649267524,5.471470003200226,-26.542993788761695,-0.4284133179411437,-21.324467240928605,0.14182188026186132,-0.3034105953628318,-5.5645392039509955,7.244599429071423,1.7280379403416726,39.05332929655461
1.34,0.06706706706706707,-20.697798534872717,-7.459015527616372,-13.596947619246201,-19.95563276400411,-20.637349439964023,2.060599890288547,33.83585803752334,-2.560226576347512,37.66446869215851,10.866447500692743,-24.62064898024678,27.347329551515326,5.472700021825399,-26.545786932301226,-0.4282692175884382,-21.323805820470174,0.14053115130887933,-0.30315799896110635,-5.565328628123552,7.243493073975561,1.7262062357368022,39.052240293186486
1.36,0.06806806806806806,-20.696450894448777,-7.4600200027105075,-13.598351908672518,-19.955711512100535,-20.634388792085428,2.0608532082416926,33.83679593666909,-2.5610911688176206,37.664829397840165,10.870780676810522,-24.620576070731317,27.34714504055611,5.473951968043731,-26.548606836016454,-0.428122476797267,-21.323118891278142,0.1392163347865176,-0.3029031194932447,-5.566128544143868,7.242356351480438,1.7243434206422015,39.05110429069458
1.3800000000000001,0.06906906906906907,-20.6950714524471,-7.461029649547476,-13.599756907066245,-19.955774268407932,-20.63138146573838,2.061109198108922,33.83773203177291,-2.5619672541828415,37.66517126704619,10.87517940703676,-24.620490251160746,27.34694110116033,5.475226143712988,-26.551453486920266,-0.4279730917420728,-21.32240627549084,0.13787727543334483,-0.30264602941817137,-5.566939076530036,7.241188833191702,1.7224494042225509,39.04992095543579
1.4000000000000001,0.07007007007007007,-20.69366021488423,-7.4620442339659325,-13.601162090128563,-19.955820836204293,-20.62832792198175,2.061367876717285,33.838666458136856,-2.562854821147504,37.66549423514454,10.879643994308068,-24.620391684367533,27.346717717809664,5.476522855464073,-26.55432687032319,-0.4278210587232157,-21.321667790366472,0.1365138197542537,-0.30238680132817763,-5.567760353237803,7.239990084916264,1.7205240948524367,39.04868994802459
1.42,0.07107107107107107,-20.692217186565756,-7.463063519188851,-13.602566926920927,-19.955851017584024,-20.625228629217897,2.061629261525955,33.839599351320786,-2.5637538574811622,37.665798236734894,10.884174742555194,-24.620280536767755,27.34647487468946,5.477842414681012,-26.557226969795845,-0.4276663741730373,-21.320903248264763,0.1351258162383334,-0.30212550791158505,-5.568592505684451,7.238759666777532,1.7185674001370204,39.047410923365234
1.44,0.07207207207207207,-20.69074237105629,-7.464087265890478,-13.603970879950788,-19.955864613525574,-20.622084063145817,2.0618933706270473,33.840530847133806,-2.564664349999981,37.66608320562859,10.888771956425959,-24.620156978368538,27.346212555681337,5.4791851374774065,-26.56015376713103,-0.42750903466186485,-21.320112456629527,0.13371311558123228,-0.30186222191590384,-5.569435668771562,7.237497133338495,1.7165792269336384,39.04608353068921
1.46,0.07307307307307308,-20.689235770650022,-7.465115232265073,-13.605373405262187,-19.955861423961128,-20.61889470670934,2.0621602227466025,33.841461081625376,-2.5655862845482016,37.66634907482845,10.893435940996255,-24.62002118277463,27.345930744356,5.48055134466915,-26.56310724230545,-0.4273490369039495,-21.31929521797222,0.13227557091199993,-0.3015970161115158,-5.57028998090658,7.236202033733043,1.7145594813743674,39.04470741359841
1.48,0.07407407407407407,-20.687697386341917,-7.466147174097432,-13.606773952531345,-19.955841247848426,-20.615661050040316,2.06242983724573,33.842390191076056,-2.5665196459797133,37.66659577650853,10.898167001468597,-24.619873327194025,27.345629423966265,5.481941361743218,-26.56608737344109,-0.4271863777633355,-21.31845132985651,0.13081303802438987,-0.3013299632559118,-5.5711555840230975,7.234873911805878,1.7125080688895877,39.04328221011423
1.5,0.07507507507507508,-20.686127217799676,-7.467182844835186,-13.608171965167331,-19.95580388324471,-20.612383590396664,2.062702234121919,33.843318311987865,-2.5674644181397532,37.66682324199373,10.90296544285781,-24.619713592442654,27.34530857744032,5.483355518822311,-26.56909413676629,-0.4270210542596559,-21.317580584884013,0.12932537561259597,-0.30106113605851303,-5.5720326235997835,7.233512306261433,1.7104248942325855,39.04180755273302
1.52,0.07607607607607608,-20.684525263336518,-7.468221995662859,-13.6095668804179,-19.955749127382777,-20.609062832095262,2.062977434010525,33.84424558107424,-2.56842058384676,37.66703140173943,10.907831569663403,-24.619542162948033,27.34496818737524,5.484794150625144,-26.57212750657647,-0.4268530635738508,-21.316682770681155,0.1278124455113872,-0.30079060714610334,-5.572921248677873,7.232116750822169,1.70830986150523,39.04028306848816
1.54,0.07707707707707707,-20.6828915198849,-7.469264375577673,-13.610958129480585,-19.95567677674922,-20.60569928643953,2.0632554581864277,33.845172135249605,-2.569388124874405,37.66722018531097,10.912765685528123,-24.61935922675184,27.344608236030805,5.48625759642217,-26.575187455194605,-0.42668240305380384,-21.315757669887372,0.12627411294059565,-0.30051844902890174,-5.573821611877129,7.230686774396676,1.7061628741847672,39.0387083790192
1.56,0.07807807807807808,-20.681225982971267,-7.470309731467084,-13.612345137619153,-19.955586627164767,-20.60229347164172,2.063536328565875,33.84609811161854,-2.5703670219338277,37.66738952136317,10.917768092882293,-24.61916497551139,27.3442287053236,5.487746199986483,-26.57827395293139,-0.4265090702198947,-21.31480506014462,0.12471024675390281,-0.3002447340673006,-5.574733869410198,7.229221901257988,1.7039838351517738,39.03708310064835
1.58,0.07907907907907907,-20.679528646691924,-7.471357808188016,-13.613727324285486,-19.95547847386681,-20.598845912739773,2.0638200677085097,33.847023647464496,-2.5713572546560983,37.66753933761982,10.922839092573383,-24.618959604499924,27.34382957682147,5.489260309539703,-26.581386968045177,-0.4263330627704621,-21.313824714088323,0.12312071969185914,-0.29996953443929636,-5.575658181095261,7.227721651232545,1.7017726467193133,39.035406844464816
1.6,0.08008008008008008,-20.677799503690178,-7.472408348647785,-13.615104103246969,-19.955352111594074,-20.59535714150879,2.0641066988195877,33.847948880238114,-2.5723588015749383,37.667669560853135,10.927978983480408,-24.618743312605698,27.3434108317383,5.490800277692574,-26.584526466701657,-0.42615437858717575,-21.31281639933982,0.12150540863906031,-0.2996929221086374,-5.576594710366894,7.226185539900223,1.6995292106633426,39.03367921641724
1.62,0.08108108108108109,-20.676038545134805,-7.473461093886663,-13.616474882719475,-19.95520733467345,-20.591827696366966,2.064396245752393,33.84887394754506,-2.57337164010972,37.66778011686327,10.93318806211262,-24.618516302329795,27.342972450929206,5.492366461380039,-26.58769241293335,-0.42597301574031254,-21.31177987850042,0.11986419488539214,-0.29941496879371426,-5.5775436242850445,7.224613078805893,1.6972534282544163,39.0318998174148
1.6400000000000001,0.08208208208208208,-20.67424576070002,-7.474515783162076,-13.617839065506022,-19.95504393710898,-20.58825812227605,2.06468873301085,33.84979898713345,-2.5743957465487766,37.66787093045788,10.938466622192067,-24.61827877978262,27.34251441488612,5.493959221790543,-26.590884768598873,-0.4257889724939353,-21.310714909147144,0.11819696439124373,-0.2991357459372149,-5.578505093542025,7.223003775682945,1.6949452002907395,39.03006824343727
1.6600000000000001,0.08308308308308308,-20.672421138547026,-7.475572154034367,-13.619196049141165,-19.954861712672994,-20.5846489706362,2.064984185752347,33.850724136880785,-2.5754310960330464,37.66794192543175,10.943814954219492,-24.618030954679057,27.34203670373382,5.495578924289296,-26.59410349334205,-0.42560224731097007,-21.30962124383022,0.11650360805657549,-0.2988553246765679,-5.579479292467426,7.221357134689242,1.69260442713262,39.02818408565453
1.68,0.08408408408408408,-20.670564665307296,-7.476629942454122,-13.620545226041193,-19.9546604549994,-20.581000799175328,2.065282629790766,33.85164953478044,-2.576477662540084,37.667993024546504,10.949233345023142,-24.617773040332178,27.341539297226404,5.497225938335238,-26.597348544550876,-0.4254128388581796,-21.308498630072457,0.11478402199371482,-0.2985737758151952,-5.580466399030856,7.219672656655973,1.6902310087383765,39.02624693055596
1.7,0.08508508508508508,-20.668676326067708,-7.477688882850982,-13.621885983660208,-19.954439957679114,-20.577314171832835,2.065584091599731,33.852575318927656,-2.577535418868458,37.66802414951048,10.95472207728997,-24.617505253645536,27.34102217474428,5.498900637391427,-26.60061987731633,-0.4252207460110309,-21.307346810370547,0.11303810780373824,-0.2982911697945951,-5.581466594842384,7.217949839349859,1.6878248447017572,39.02425636009019
1.72,0.08608608608608609,-20.66675610435767,-7.478748708223925,-13.623217704652147,-19.954200014357614,-20.57358965863774,2.06588859831608,33.85350162750502,-2.5786043366225724,37.6680352209587,10.960281429078803,-24.61722781510392,27.340485315291662,5.5006033988285745,-26.60391744439111,-0.4250259678584537,-21.306165522198455,0.11126577285628331,-0.29800757666727473,-5.582480065150613,7.216188177749206,1.685385834290928,39.022211951815606
1.74,0.08708708708708708,-20.6648039821384,-7.479809150232945,-13.624539767038787,-19.953940418834627,-20.56982783558126,2.066196177743561,33.85442859876751,-2.5796843861979344,37.66802615843311,10.965911673314979,-24.61694094876259,27.339928697494646,5.502334603821452,-26.607241196148266,-0.42482850370748815,-21.304954498012922,0.1094669305726182,-0.29772306607055116,-5.58350699883824,7.214387164334274,1.6829138764890919,39.020113279062144
1.76,0.08808808808808809,-20.662819939794463,-7.480869939292089,-13.625851544383817,-19.953660965165902,-20.5660292844838,2.066506858356767,33.85535637102699,-2.580775536766897,37.66799688036295,10.97161307726603,-24.616644882234905,27.33935229959983,5.5040946372378645,-26.610591080539766,-0.42462835308781927,-21.30371346526123,0.10764150071178043,-0.29743770720123786,-5.584547588415025,7.212546289392439,1.6804088700368005,39.01795991110487
1.78,0.0890890890890891,-20.66080395612774,-7.4819308046638,-13.627152405973025,-19.95336144776709,-20.562194592856383,2.066820669305306,33.85628508263622,-2.581877756264911,37.66794730404546,10.977385901997945,-24.616339846678304,27.33875609947359,5.505883887519913,-26.613967043055055,-0.42442551575619664,-21.302442146391297,0.10578940965957839,-0.29715156879123356,-5.585602030008028,7.2106650413386495,1.6778707134760265,39.01575141334975
1.8,0.09009009009009009,-20.658756008354008,-7.482991474554492,-13.62844171700062,-19.9530416615197,-20.558324353756575,2.0671376404182182,33.85721487197229,-2.582991011377305,37.66787734562686,10.983230401811603,-24.616026076778642,27.338140074601966,5.507702746557234,-26.61736902667959,-0.42421999170073743,-21.301140258864237,0.10391059072023268,-0.2968647190840287,-5.58667052334903,7.20874290705164,1.6752993051960587,39.01348734753223
1.82,0.09109109109109109,-20.656676072102254,-7.484051676211313,-13.629718838761786,-19.95270140187908,-20.5544191656389,2.0674578022086445,33.85814587741963,-2.5841152675266326,37.667786920083635,10.989146823658947,-24.615703810732757,27.337504202091285,5.509551609551914,-26.62079697185339,-0.4240117811451112,-21.29980751516946,0.10200498441041404,-0.2965772258121433,-5.5877532717589915,7.206779372226397,1.6726945434812959,39.011167271929025
1.84,0.0920920920920921,-20.654564121416897,-7.485111136020018,-13.63098312885147,-19.95234046498447,-20.550479632199817,2.067781185878754,33.8590782373524,-2.585250488860609,37.66767594120424,10.995135406538513,-24.61537329022932,27.33684845866943,5.511430874874781,-26.62425081642963,-0.423800884552605,-21.29844362284242,0.10007253875541684,-0.2962891561755093,-5.588850482129454,7.204773921743358,1.670056326561005,39.008790741583695
1.86,0.09309309309309309,-20.652420128763094,-7.486169579603898,-13.632233941369458,-19.951958647771033,-20.5465063622173,2.068107823324934,33.86001209011638,-2.586396638240669,37.66754432157121,11.001196380869933,-24.61503476042786,27.336172820687917,5.5133409439127465,-26.627730495633305,-0.4235873026300679,-21.297048284485157,0.09811320958718575,-0.2960005768208099,-5.589962364900744,7.2027260400548165,1.667384552661122,39.00635730854653
1.8800000000000001,0.0940940940940941,-20.65024406503531,-7.48722673192368,-13.633470627131778,-19.95155574808387,-20.54249996938509,2.068437747143252,33.86094757401031,-2.587553677231169,37.66739197254377,11.00732996784707,-24.614688469935945,27.335477264124723,5.515282220906887,-26.631235942020005,-0.4233710363317334,-21.29562119778967,0.09612696084389338,-0.295711553821785,-5.591089134036874,7.200635211589002,1.6646791200581703,39.00386652212921
1.9000000000000001,0.09509509509509509,-20.648035899569305,-7.488282317378341,-13.634692533888462,-19.951131564794,-20.538461072141676,2.0687709906351937,33.861884827266714,-2.5887215660892737,37.66721880424096,11.013536378769443,-24.614334670784512,27.334761764587938,5.517255112780952,-26.634767085434806,-0.4231520868629195,-21.29416205556431,0.09411376487074453,-0.2954221526605145,-5.592231006996999,7.198500921172311,1.6619399271353734,39.00131792917486
1.92,0.0960960960960961,-20.645795600157758,-7.489336059906757,-13.635899006547685,-19.950685897916266,-20.534390293494077,2.0691075878136838,33.86282398803211,-2.589900263755538,37.66702472552535,11.019815814351665,-24.613973618401264,27.334026297320282,5.519260028959979,-26.638323852971297,-0.42293045568360493,-21.29267054576324,0.09207360272166107,-0.29513243820968527,-5.5933882047033165,7.1963226544701175,1.6591668724410435,38.998711074343966
1.94,0.0970970970970971,-20.643523133069657,-7.490387683090096,-13.637089387406323,-19.950218548729108,-20.53028826083653,2.069447573409399,33.863765194346726,-2.591089727845229,37.66680964398739,11.026168464010631,-24.61360557158215,27.33327083720449,5.521297381178677,-26.64190616893083,-0.42270614451188193,-21.291146351519124,0.09000646446147814,-0.2948424747158503,-5.594560951505267,7.1940998984466304,1.6563598547493288,38.99604550041666
1.96,0.0980980980980981,-20.641218463073713,-7.491436910254904,-13.638263016386933,-19.94972931989623,-20.526155605764156,2.0697909828773757,33.864708584123626,-2.592289914640405,37.66657346593047,11.032594505130215,-24.613230792460836,27.33249535876964,5.523367583279275,-26.64551395478195,-0.4224791553272844,-21.289589151179115,0.08791234946825949,-0.29455232578368584,-5.595749475139914,7.191832141844208,1.653518773123402,38.99332074861203
1.98,0.0990990990990991,-20.63888155346592,-7.492483464576777,-13.639419231281185,-19.949218015590077,-20.5219929638817,2.070137852403922,33.86565429512729,-2.5935007790827767,37.666316096356745,11.039094102303313,-24.61284954647622,27.331699836198414,5.525471050998506,-26.649147129120074,-0.42224949037399184,-21.28799861834429,0.08579126673531517,-0.2942620543612504,-5.596954006688369,7.189518875682546,1.650643526981178,38.99053635892477
2.0,0.10010010010010009,-20.636512366101524,-7.493527069184554,-13.640557367999751,-19.948684441617083,-20.51780097460748,2.0704882189138396,33.866602464951654,-2.5947222747673893,37.666037438953836,11.045667406551084,-24.612462102337872,27.33088424333537,5.527608201743401,-26.652805607627457,-0.42201715216390856,-21.28637442191263,0.0836432351724808,-0.2939717227262496,-5.598174780528122,7.187159593778119,1.6477340161636478,38.987691870479956
2.02,0.1011011011011011,-20.634110861431527,-7.494567447264937,-13.641676760828664,-19.948128405544686,-20.513580280972608,2.0708421200779634,33.86755323099752,-2.595954353937135,37.66573739608239,11.052314554519306,-24.61206873198947,27.330048553696237,5.529779454355577,-26.65648930303345,-0.42178214347961884,-21.28471622612567,0.08146828390619208,-0.29368139247330866,-5.59941203428115,7.184753793284265,1.6447901410059163,38.98478682190623
2.04,0.1021021021021021,-20.631676998544,-7.495604322167459,-13.642776742692147,-19.947549716830057,-20.509331529415668,2.0711995943210226,33.86850673044949,-2.5971969674781303,37.665415868764676,11.059035667651806,-24.611669710570112,27.329192740478263,5.531985228863697,-26.660198125075095,-0.4215444673772177,-21.283023690618933,0.07926645257786306,-0.2933911245022538,-5.600666008757659,7.182300975252218,1.6418118024110395,38.98182075172803
2.06,0.1031031031031031,-20.62921073521034,-7.496637417509711,-13.643856645421907,-19.94694818695047,-20.505055369572908,2.071560680829835,33.86946310025227,-2.5984500649159807,37.66507275667422,11.06583085134099,-24.611265316373565,27.32831677657166,5.534225946223799,-26.663931980458084,-0.4213041271890183,-21.28129647047625,0.07703779164005065,-0.2931009790074022,-5.601936947895327,7.179800645213446,1.6387989019267486,38.97879319877732
2.08,0.1041041041041041,-20.626712027936733,-7.497666457282742,-13.6449158000329,-19.9463236295353,-20.500752454064152,2.0719254195618357,33.87042247708646,-2.599713594412954,37.66470795812664,11.072700194055573,-24.610855830805395,27.327420634572174,5.536502028047174,-26.66769077281813,-0.42106112652613625,-21.27953421628812,0.07478236264986154,-0.2928110154678587,-5.603225098693906,7.177252313783532,1.6357513418251575,38.9757037026253
2.1,0.10510510510510511,-20.624180832020976,-7.498691165956541,-13.64595353700554,-19.945675860499623,-20.4964234382745,2.0722938512539524,33.871384997343746,-2.6009875027660825,37.66432137007168,11.07964376644563,-24.610441538337966,27.326504286794812,5.538813896315495,-26.671474402682755,-0.42081546928095204,-21.27773657421418,0.07250023855903169,-0.2925212926388173,-5.6045307111450455,7.174655497287865,1.6326690251855471,38.9725518040346
2.12,0.1061061061061061,-20.621617101614888,-7.499711268585518,-13.646969186574353,-19.945004698179307,-20.49206898013204,2.0726660174318283,33.87235079710159,-2.6022717354062195,37.663912888086635,11.086661620425245,-24.610022726463303,27.325567705288748,5.541161973082907,-26.675282767433544,-0.4205671596294514,-21.27590318604995,0.07019150400008126,-0.29223186854386274,-5.6058540381571955,7.172009718409351,1.6295518559803226,38.969337045432304
2.14,0.10710710710710711,-20.61902078979254,-7.500726490913891,-13.647962079023037,-19.944309963467603,-20.48768973988164,2.073041960419405,33.8733200120973,-2.603566236398064,37.66348240637119,11.093753788233018,-24.609599685643808,27.324610861853465,5.543546680164788,-26.679115761268907,-0.4203162020334462,-21.274033689297912,0.06785625556792212,-0.2919428004682679,-5.607195335475447,7.169314506858282,1.6263997391642382,38.96605897140435
2.16,0.10810810810810811,-20.616391848624453,-7.501736559480893,-13.648931544985905,-19.943591479953163,-20.483286379855087,2.0734217233488663,33.87429277770162,-2.6048709484411763,37.663029817743805,11.100920281470847,-24.609172709260825,27.323633728056123,5.545968438812906,-26.68297327516737,-0.4200626012426759,-21.272127717243126,0.06549460209626794,-0.2916541449532809,-5.608554861596175,7.166569400064499,1.6232125807669875,38.962717129211605
2.18,0.1091091091091091,-20.613730229257996,-7.502741201725706,-13.649876915755677,-19.94284907405944,-20.4788595642376,2.0738053501709546,33.8752692288917,-2.606185812871996,37.66255501363981,11.108161090121461,-24.60874209356104,27.322636275250197,5.548427669376718,-26.686855196851422,-0.4198063622967913,-21.27018489903339,0.0631066649281706,-0.29136595779139357,-5.609932877676332,7.163773943891889,1.6199902879892538,38.95931106932802
2.2,0.11011011011011011,-20.61103588200421,-7.503740146092041,-13.650797523597582,-19.942082575185392,-20.47440995883103,2.0741928856656613,33.87624950022363,-2.6075107696668822,37.66205788411121,11.115476181545274,-24.608308137600744,27.32161847459542,5.550924790950547,-26.690761410751964,-0.4195474905272221,-21.268204859764147,0.060692578179980916,-0.2910782940225846,-5.611329647437274,7.1609276933752435,1.6167327693023175,38.955840346001175
2.22,0.1111111111111111,-20.608308756431207,-7.504733122132273,-13.651692702069717,-19.941291815847492,-20.46993823081383,2.0745843754533015,33.87723372580434,-2.6088457574461854,37.66153831782842,11.122865499457236,-24.607871143187918,27.320580297079044,5.553460221006422,-26.694691797973405,-0.4192859915589301,-21.26618722056822,0.05825248899800574,-0.29079120793152624,-5.612745437062951,7.158030213479403,1.6134399345513153,38.95230451783555
2.24,0.11211211211211211,-20.605548801464373,-7.505719860611039,-13.652561786349594,-19.940476631822914,-20.46544504849802,2.0749798660059753,33.878222039263065,-2.6101907134793634,37.660996202084036,11.130328962884464,-24.607431414822205,27.319521713538403,5.556034375012354,-26.698646236259407,-0.41902187131204877,-21.264131598710478,0.05578655780710881,-0.29050475304574513,-5.614180515092346,7.155081079880573,1.610111695062247,38.94870314839869
2.2600000000000002,0.11311311311311312,-20.60275596549355,-7.506700093608224,-13.653404113566841,-19.939636862293902,-20.460931081083288,2.075379404659425,33.87921457372224,-2.611545573691152,37.66043142279871,11.137866465105551,-24.60698925963272,27.318442694684876,5.558647666035853,-26.70262459995935,-0.4187551360034126,-21.26203760768755,0.053294958550478395,-0.2902189821347254,-5.615635152306022,7.152079879769626,1.6067479637528195,38.94503580685055
2.2800000000000002,0.11411411411411411,-20.599930196487392,-7.507673554621244,-13.654219023141946,-19.938772349993222,-20.456396998408497,2.075783039625292,33.88021146176791,-2.6129102726687954,37.65984386452939,11.14547787257255,-24.606544987313754,27.317343211129177,5.561300504332521,-26.706626759995526,-0.41848579214797665,-21.25990485733272,0.050777878919761474,-0.28993394720994103,-5.617109621606636,7.149026212677106,1.6033486552472247,38.9413020685961
2.3000000000000003,0.11511511511511512,-20.597071442115062,-7.508639978666545,-13.655005857130988,-19.937882941350654,-20.45184347070071,2.0761908200037755,33.88121283541966,-2.6142847436703422,37.65923341047996,11.153163023816784,-24.60609891005839,27.31622323340805,5.56399329691956,-26.71065258383111,-0.41821384656012983,-21.25773295392607,0.04823552057474225,-0.28964969952580455,-5.618604197893291,7.145919691319609,1.599913685994934,38.937501515961394
2.32,0.11611611611611611,-20.594179649875457,-7.509599102380238,-13.655763960576243,-19.936968486640463,-20.44727116832199,2.076602795796707,33.88221882610006,-2.615668918634011,37.658599942514456,11.160921728339735,-24.60565134249,27.31508273201232,5.56672644713408,-26.71470193543895,-0.4179393063549025,-21.255521500309996,0.04566809935172178,-0.28936628958151694,-5.620119157929605,7.1427599424670865,1.5964429743936022,38.93363373889298
2.34,0.11711711711711711,-20.59125476723411,-7.510550664117791,-13.656492681862577,-19.936028840129783,-20.44268076151417,2.0770190179210326,33.883229564603624,-2.6170627281886243,37.65794334117304,11.168753765490415,-24.60520260159173,27.313921677416367,5.569500354176099,-26.718774675271177,-0.41766217894907226,-21.25327009601022,0.0430758454597364,-0.28908376712380385,-5.621654780205364,7.139546607830565,1.5929364409161573,38.92969833568076
2.36,0.11811811811811812,-20.588296741767913,-7.5114944040527005,-13.657191373079499,-19.935063860227835,-20.43807292014177,2.07743953822272,33.884245181065346,-2.618466101665109,37.6572634856909,11.176658883330747,-24.604753006633942,27.31274004010894,5.572315412636183,-26.722870660229734,-0.41738247206216905,-21.250978337362348,0.04045900366373496,-0.28880218115052114,-5.623211344791629,7.136279344969654,1.589394008242163,38.925694913704156
2.38,0.11911911911911911,-20.585305521317853,-7.512430064274069,-13.65785939038875,-19.93407340963594,-20.43344831343334,2.0778644094910854,33.88526580492877,-2.6198789671090594,37.65656025402023,11.184636797490656,-24.604302879099652,27.31153779062541,5.5751720120076875,-26.726989743637784,-0.417100193717383,-21.248645817644135,0.03781783345381932,-0.2885215799151131,-5.624789133189204,7.1329578282191335,1.585815601393523,38.921623090201344
2.4,0.12012012012012012,-20.58228105414982,-7.51335738888302,-13.65849609439729,-19.93305735549824,-20.428807609721357,2.0782936854735468,33.886291564913655,-2.6213012512943545,37.65583352285541,11.192687190014679,-24.60385254260804,27.310314899581346,5.578070536183601,-26.7311317752121,-0.41681535224237687,-21.246272127213473,0.035152609199639265,-0.28824201093190466,-5.626388428170328,7.129581749633786,1.5822011478746003,38.917482493061414
2.42,0.12112112112112113,-20.579223289123668,-7.5142761240878775,-13.659100850535523,-19.932015569553062,-20.42415147618101,2.078727420890808,33.887322588983224,-2.6227328797378195,37.65508316766169,11.200809708202092,-24.603402322836008,27.309071337707483,5.5810113629380345,-26.73529660103642,-0.4165279562700062,-21.24385685365227,0.03246362028902202,-0.28796352098220884,-5.628009513613497,7.126150819950554,1.5785505778168163,38.91327276163903
2.44,0.12212212212212212,-20.576132175870587,-7.515186018298046,-13.65967302944061,-19.930947928284855,-20.419480578567985,2.079165671452475,33.88835900431104,-2.6241737767149185,37.65430906270745,11.209003963442697,-24.60295254743792,27.307807075886025,5.583994863392441,-26.73948406353586,-0.4162380147389498,-21.241399581916266,0.029751171249908268,-0.28768615612123033,-5.62965267433132,7.122664769566963,1.574863824127787,38.90899354759113
2.46,0.12312312312312312,-20.57300766497891,-7.51608682221653,-13.660212007344656,-19.92985431307662,-20.414795580955552,2.0796084938731028,33.88940093724751,-2.625623865276461,37.653511081100305,11.21726953005057,-24.602503545963465,27.30652208518826,5.5870214014666875,-26.743694001452347,-0.4159455368942528,-21.238899894490856,0.02701558185466124,-0.28740996168574356,-5.631318195891299,7.119123349534659,1.5711408226450507,38.90464451573526
2.48,0.12412412412412413,-20.569849708188393,-7.5169782889310355,-13.66071716646761,-19.928734610362785,-20.410097145471177,2.080055945888682,33.89044851328601,-2.6270830672663057,37.65268909482721,11.225605944098236,-24.602055649773796,27.305216336913464,5.5900913333151525,-26.74792624982119,-0.41565053228778626,-21.23635737155305,0.024257187205813553,-0.2871349823025249,-5.63300636442947,7.11552633256675,1.5673815122944281,38.90022534492874
2.5,0.12512512512512514,-20.566658258593044,-7.51786017400359,-13.661187895414622,-19.9275887117824,-20.405385932032857,2.080508086273559,33.89150185702874,-2.628551303340034,37.65184297479878,11.234012702253901,-24.60160919195593,27.303889802629055,5.593205006748068,-26.752180639948758,-0.4153530107786253,-21.233771591139593,0.021476337802317544,-0.28686126189751665,-5.634717466456804,7.11187351405756,1.5635858352530532,38.89573572896809
2.52,0.12612612612612611,-20.56343327085252,-7.51873223555864,-13.66162358957767,-19.926416514332622,-20.400662598085468,2.080964974857793,33.89256109215225,-2.6300284929845748,37.6509725908981,11.242489260624565,-24.60116450723551,27.30254245421196,5.596362760638376,-26.756456999391325,-0.41505298253334894,-21.23114212932133,0.01867339958537018,-0.28658884370570065,-5.636451788658324,7.108164713113226,1.5597537371171013,38.89117537750766
2.54,0.12712712712712712,-20.5601747014121,-7.519594234369571,-13.66202365154116,-19.925217920522396,-20.395927798337325,2.081426672544948,33.89362634137265,-2.6315145545387453,37.65007781203409,11.251035033607955,-24.60072193188797,27.30117426389113,5.599564924314432,-26.76075515193515,-0.41475045802626487,-21.22846856038393,0.01584875396289257,-0.28631777028165706,-5.638209617684856,7.10439977359147,1.5558851670742304,38.88654401699669
2.56,0.12812812812812813,-20.556882508731242,-7.5204459339436065,-13.662387491491256,-19.92399283852621,-20.391182184497236,2.0818932413303206,33.89469772641065,-2.633009405214677,37.64915850619987,11.259649392756463,-24.6002818036482,27.29978520429118,5.602811816938925,-26.765074917577763,-0.4144454480395622,-21.225750457014943,0.013002797811757515,-0.2860480835107856,-5.63999123993739,7.100578565148727,1.5519800780807427,38.8818413916336
2.58,0.12912912912912913,-20.553556653520626,-7.521287100605045,-13.662714527628642,-19.92274118233791,-20.386426405012262,2.082364744319596,33.89577536795626,-2.634512961120094,37.6482145405361,11.268331665656339,-24.599844461618723,27.298375248477043,5.606103746874469,-26.76941611251054,-0.41413796366339495,-21.22298739049732,0.010135943456876325,-0.28577982462116386,-5.641796941343997,7.096700984292667,1.5480384270434604,38.87706726433627
2.6,0.13013013013013014,-20.550197098987724,-7.522117503576808,-13.663004186584413,-19.92146287192442,-20.381661104806465,2.082841245747936,33.89685938563341,-2.6360251372814036,37.647245781399775,11.277081134825684,-24.599410246176532,27.296944369999633,5.609441011036357,-26.773778549102605,-0.4138280162958999,-21.22017893090943,0.007248618626278737,-0.28551303419601753,-5.643627007129287,7.092766955438013,1.5440601750062992,38.872221417726976
2.62,0.13113113113113112,-20.546803811090687,-7.5229369150602485,-13.663255903838733,-19.920157833379317,-20.37688692502088,2.083322810999491,33.89794989796431,-2.637545847667552,37.6462520944385,11.285897036634823,-24.59897949887862,27.295492542942355,5.612823894233053,-26.778162035886048,-0.41351561764315137,-21.217324647331587,0.004341266381347311,-0.28524775218677684,-5.6454817215764,7.088776431963428,1.5400452873415065,38.86730365513054
2.64,0.13213213213213212,-20.543376758800513,-7.5237451103132065,-13.663469124141944,-19.91882599907616,-20.37210450275498,2.083809506627329,33.899047022333676,-2.639075005214609,37.64523334467064,11.294778560252906,-24.598552562366287,27.29401974196848,5.616252668495045,-26.782566377542548,-0.4132007797190569,-21.214424108059184,0.0014143450214004543,-0.28498401792669226,-5.647361367781529,7.084729397267071,1.5359937339455203,38.862313801583994
2.66,0.13313313313313313,-20.539915914371296,-7.524541867726288,-13.66364330193771,-19.91746730782145,-20.367314470809877,2.084301400373779,33.90015087495289,-2.6406125218510232,37.64418939657149,11.303724846624647,-24.598129780268327,27.29252594236919,5.619727592392775,-26.78699137489139,-0.4128835148451959,-21.21147688082242,-0.001531672038143553,-0.2847218701449831,-5.649266227400998,7.080625865818321,1.5319054894393878,38.85725170485598
2.68,0.13413413413413414,-20.536421253618403,-7.5253269688973345,-13.663777901787824,-19.91608170500718,-20.362517457433537,2.0847985611911795,33.90126157082405,-2.6421583085235048,37.64312011416575,11.312734987481342,-24.597711497103152,27.291011120112266,5.6232489103443974,-26.79143682487896,-0.41256383565060584,-21.208482533012695,-0.004496296414745471,-0.2844613469814906,-5.651196580390933,7.076465884202986,1.5277805333736671,38.85211723647409
2.7,0.13513513513513514,-20.532892756204348,-7.5261001987040785,-13.663872398798224,-19.914669142762794,-20.357714086068274,2.085301059263025,33.902379223703946,-2.6437122752234687,37.64202536112657,11.321808024390382,-24.597298058179973,27.28947525189129,5.626816851914229,-26.795902520569694,-0.4122417550715175,-21.205440631915653,-0.007479024935541246,-0.28420248600180736,-5.65315270473957,7.072249532159209,1.5236188504377188,38.84691029275793
2.72,0.13613613613613612,-20.52933040593208,-7.526861345374971,-13.663926279045787,-19.91322958010652,-20.352904975100774,2.085808966025499,33.90350394606807,-2.6452743310139932,37.6409050008814,11.330942947847646,-24.596889809499114,27.287918315175222,5.630431631102792,-26.80038825113855,-0.4119172863510442,-21.202350744950937,-0.010479339842574376,-0.28394532421285457,-5.655134876192281,7.067976923601135,1.5194204306732748,38.8416307958558
2.74,0.13713713713713713,-20.525734191045473,-7.5276102005581675,-13.663939040005413,-19.91176298309592,-20.34809073761494,2.086322354189381,33.90463584907462,-2.646844384057222,37.63975889672485,11.340138696417252,-24.596487097651547,27.28634028825827,5.634093445629453,-26.804893801865035,-0.41159044303882686,-21.19921243991864,-0.013496709027022002,-0.2836898980788771,-5.6571433679694,7.0636482076272635,1.5151852696921562,38.8362786947826
2.7600000000000002,0.13813813813813813,-20.522104104536595,-7.528346559388679,-13.663910190976894,-19.91026932497756,-20.343271981147804,2.086841297762321,33.90577504252856,-2.6484223416421515,37.63858691193886,11.349394155923283,-24.596090269717767,27.28474115030988,5.6378024762087176,-26.80941895412881,-0.41126123899063866,-21.19602528525247,-0.016530586292904773,-0.28343624353782626,-5.65917845047697,7.05926356951031,1.510913368897989,38.830853966456516
2.7800000000000002,0.13913913913913914,-20.51844014445948,-7.529070220553672,-13.663839253511053,-19.908748586335683,-20.338449307448816,2.087365872071459,33.90692163484578,-2.6500081102127306,37.63738890992043,11.358708158698153,-24.595699673166056,27.28312088142474,5.641558885821325,-26.813963485406887,-0.41092968836795224,-21.192788850279655,-0.01958041165069697,-0.28318439601809975,-5.66124039101052,7.054823231665249,1.5066047357117465,38.82535661673178
2.8000000000000003,0.14014014014014015,-20.51474231424992,-7.529780986355934,-13.663725761834584,-19.90720075523975,-20.33362331224274,2.0878961537863807,33.90807573301739,-2.6516015953962118,37.636164754317136,11.368079482892412,-24.5953156557503,27.28147946267263,5.64536281898137,-26.818527169272507,-0.4105958056374724,-21.18950270548753,-0.022645611641173572,-0.28293439045560714,-5.6633294534520475,7.050327454592132,1.5022593838009286,38.81978668142476
2.82,0.14114114114114115,-20.511010623050904,-7.53047866277551,-13.663569263273018,-19.905625827390722,-20.32879458499647,2.088432220942388,33.90923744257418,-2.653202702031672,37.634914309170625,11.37750685185078,-24.594938565407414,27.27981687614798,5.649214401000747,-26.823109775395643,-0.4102596055706377,-21.186166422796877,-0.02572559968974551,-0.28268626131112884,-5.665445897960363,7.045776537790143,1.4978773333121622,38.81414422733046
2.84,0.14214214214214213,-20.50724508604317,-7.531163059529503,-13.66336931867122,-19.904023806265975,-20.323963708690037,2.0889741529640706,33.91040686755129,-2.654811334198636,37.63363743906843,11.386988933559316,-24.594568750154462,27.278133105018963,5.653113737252279,-26.827711069545245,-0.40992110324309355,-21.182779575841916,-0.028819776491442406,-0.28244004258793537,-5.66758998065501,7.041170820639283,1.4934586111069859,38.808429353226394
2.86,0.14314314314314314,-20.503445724780345,-7.531833990130085,-13.663125502810775,-19.90239470326266,-20.319131259592083,2.08952203068915,33.91158411045313,-2.656427395245719,37.63233400930424,11.396524340168565,-24.594206557985622,27.27642813357596,5.657060912433001,-26.832330813593188,-0.4095803140341401,-21.17934174025702,-0.03192753042660486,-0.2821957678496342,-5.669761953293962,7.036510683245975,1.4890032510005595,38.80264219086063
2.88,0.14414414414414414,-20.49961256752815,-7.532491271940689,-13.662837404823614,-19.900738537839413,-20.314297807040063,2.090075936392581,33.91276927221861,-2.6580507878192217,37.63100388604686,11.406111627597612,-24.593852336769054,27.27470194727921,5.661055989829104,-26.836968765519984,-0.40923725362615704,-21.175852493970044,-0.03504823800724518,-0.2819534702382088,-5.671962062945366,7.031796547248837,1.4845112940030125,38.796782905920736
2.9,0.14514514514514515,-20.49574564960699,-7.533134726230443,-13.662504628601202,-19.899055337656204,-20.309463913225496,2.0906359538108834,33.91396245218671,-2.6596814138915845,37.629646936518164,11.415749295223872,-24.59350643414378,27.272954532805507,5.665099010584153,-26.84162467942228,-0.40889193800400947,-21.17231141750232,-0.038181264353927234,-0.28171318249221605,-5.674190551653584,7.0270288765807765,1.479982788563121,38.79085169898021
2.92,0.14614614614614616,-20.491845013737358,-7.53376417822684,-13.662126793198587,-19.897345138712268,-20.30463013298452,2.0912021681666775,33.915163748062376,-2.6613191747896314,37.62826302918004,11.425435785663419,-24.593169197416696,27.271185878093707,5.669189992972223,-26.846298305522183,-0.40854438345443606,-21.168718094275203,-0.041325963702902556,-0.28147493696510467,-5.676447656099848,7.022208178183566,1.4754177908139785,38.78484880641895
2.94,0.14714714714714713,-20.48791071038727,-7.534379457166672,-13.661703533232602,-19.89560798548183,-20.29979701359403,2.0917746661933965,33.91637325588291,-2.6629639712225144,37.62685203393078,11.4351694846466,-24.59284097345977,27.269395972388885,5.673328931677717,-26.85098939017837,-0.408194606565423,-21.1650721109232,-0.04448167994312213,-0.28123876564361955,-5.678733607257837,7.017335002670994,1.4708163648203,38.77877450131405
2.96,0.14814814814814814,-20.48394279812107,-7.534980396345261,-13.661234499273457,-19.893843931047556,-20.294965094573698,2.092353536160142,33.917591069984795,-2.664615703309282,37.625413822310826,11.444948720993544,-24.592522108607568,27.267584806284937,5.6775157970836405,-26.855697675899126,-0.40784262422556633,-21.161373057613602,-0.047647747182620645,-0.2810047001662531,-5.681048630044548,7.0124099449367145,1.46617858282697,38.7726290942974
2.98,0.14914914914914915,-20.479941343948823,-7.535566833163997,-13.660719358228974,-19.89205303723148,-20.29013490749412,2.0929388678966583,33.91881728297105,-2.6662742706059848,37.623948267718234,11.454771766694034,-24.592212948555165,27.265752371765448,5.681750534570208,-26.860422901357197,-0.4074884536234245,-21.157620528372547,-0.05082349034364462,-0.2807727718417061,-5.683392942966815,7.007433644702893,1.4615045255084214,38.7664129343763
3.0,0.15015015015015015,-20.475906423675408,-7.536138609176224,-13.660157793720696,-19.890235374723304,-20.285306975791432,2.093530752818378,33.920051985679116,-2.667939572132239,37.622455245633866,11.464636837096085,-24.591913838256563,27.263898662242596,5.68603306382569,-26.865164801406596,-0.40713211224686385,-21.15381412141752,-0.05400822578576631,-0.28054301166731804,-5.685766757763911,7.00240678700582,1.4567942822184063,38.760126409713244
3.02,0.15115115115115116,-20.471838122248585,-7.5366955701314975,-13.65954950645107,-19.88839102320578,-20.280481814588573,2.094129283951519,33.92129526714941,-2.6696115063971644,37.62093463385647,11.474542091207327,-24.591625121823668,27.262023672593926,5.690363278171476,-26.869923107101307,-0.40677361788239935,-21.149953439496173,-0.057201261956094214,-0.28031545034742666,-5.688170279046646,6.997330102614686,1.4520479512396895,38.75376994836124
3.04,0.15215215215215216,-20.467736534105033,-7.537237566018227,-13.658894214560906,-19.88652007147707,-20.27565993052356,2.0947345559581754,33.92254721459448,-2.671289971424615,37.619386312747785,11.484485632113078,-24.591347142425956,27.260127399196755,5.694741043903363,-26.87469754571593,-0.4064129886145323,-21.14603809023144,-0.06040190006555705,-0.2800901183116162,-5.6906037039334345,6.99220436837979,1.4472656400331714,38.74734401895064
3.06,0.15315315315315314,-20.46360176351352,-7.537764451104756,-13.658191653976305,-19.8846226175698,-20.270841821584995,2.0953466651613772,33.92380791336888,-2.672974864777628,37.617810165487654,11.494465507514738,-24.59108024219086,27.25820983996004,5.699166199651127,-26.8794878407683,-0.4060502428250871,-21.14206768647284,-0.06360943479010424,-0.27986704573281085,-5.693067221683828,6.987030407506569,1.442447465485921,38.74084913132389
3.08,0.15415415415415415,-20.45943392491422,-7.538276083978888,-13.657441578744226,-19.88269876886668,-20.266027976955066,2.0959657095700654,33.92507744693983,-2.6746660835820015,37.616206078339296,11.504479710391836,-24.590824762105008,27.256270994353482,5.7036385557584595,-26.884293712044073,-0.405685399192549,-21.13804184665392,-0.06682315499553049,-0.27964626254517105,-5.6955610133300185,6.981809089751936,1.4375935541575744,38.734285837114236
3.1,0.15515515515515516,-20.45523314325318,-7.538772327585885,-13.65664376135589,-19.880748642212364,-20.261218876860323,2.096591788903938,33.92635589685863,-2.6763635245489397,37.614573940924664,11.514526179790714,-24.590581041916337,27.254310863433698,5.708157893685402,-26.88911487562331,-0.40531847669140386,-21.133960195155765,-0.0700423444844982,-0.2794277984617478,-5.698085251306869,6.976541331539566,1.4327040425245257,38.72765473026474
3.12,0.15615615615615616,-20.450999554311007,-7.539253049264981,-13.655797993057174,-19.878772364021422,-20.25641499243046,2.097225004618121,33.92764334273298,-2.67806708399668,37.612913646509945,11.524602801742496,-24.590349420037192,27.252329449867233,5.712723965435387,-26.893951043909052,-0.4049494945914825,-21.129822362676443,-0.07326628276419843,-0.27921168299184995,-5.700640099081045,6.971228095990937,1.4277790772213164,38.72095644748394
3.14,0.15715715715715717,-20.44673330502463,-7.539718120784406,-13.654904084145207,-19.876770070382126,-20.25161678556537,2.097865459927612,33.92893986220014,-2.6797766578710354,37.61122509230113,11.534707410312585,-24.590130233448445,27.25032675795023,5.717336493009053,-26.89880192565793,-0.40457847245730943,-21.12562798660635,-0.07649424583296037,-0.2789979454580778,-5.70322571077983,6.965870392869123,1.4228188152786037,38.71419166863457
3.16,0.15815815815815815,-20.442434553801203,-7.540167418374975,-13.653961864250316,-19.87474190715582,-20.24682470881068,2.0985132598314435,33.9302455309011,-2.681492141764787,37.609508179749604,11.544837788783498,-24.58992381760471,27.248302793624614,5.721995167886967,-26.90366722601279,-0.4042054301474584,-21.121376711409333,-0.07972550698399233,-0.2787866150129761,-5.705842230820284,6.960469278432555,1.4178234243570655,38.707361117051846
3.18,0.15915915915915915,-20.438103470823037,-7.54060082276223,-13.652971182602556,-19.87268803007162,-20.242039205242026,2.099168511136506,33.93156042245571,-2.6832134309358566,37.60776281486756,11.554991670972424,-24.589730506340704,27.246257564490545,5.726699650543404,-26.90854664653734,-0.4038303878139147,-21.11706818900947,-0.08295933762431389,-0.2785777206552573,-5.708489793539347,6.955025855196204,1.412793082976581,38.7004655597881
3.2,0.16016016016016016,-20.433740238342466,-7.541018219197174,-13.651931908281998,-19.870608604816233,-20.23726070835827,2.0998313224809806,33.9328846084389,-2.684940420324206,37.60598890855326,11.565166742684362,-24.589550631778803,27.24419107981503,5.731449569993298,-26.913439885252874,-0.40345336590144554,-21.11270207918343,-0.08619500810682112,-0.27837129124554705,-5.711168522825602,6.949541271597896,1.4077279807399994,38.6935058077805
3.22,0.16116116116116116,-20.42934505096561,-7.5414194974856,-13.650843930452039,-19.868503807118508,-20.23248964198387,2.100501804357311,33.934218158357936,-2.6866730045674023,37.604186376925746,11.575360643301234,-24.58938452423783,27.24210335053651,5.736244523374477,-26.918346636677008,-0.4030743851469781,-21.108278049958276,-0.08943178857331553,-0.2781673555215998,-5.713878531753368,6.9440167215677775,1.4026283185508004,38.68648271593896
3.24,0.16216216216216217,-20.42491811592394,-7.541804552016025,-13.649707158574948,-19.8663738228286,-20.22772642018061,2.101180069134661,33.93556113963091,-2.6884110780148,37.60235514166897,11.585570967506799,-24.58923251214313,27.239994389265267,5.741084075567228,-26.923266591864476,-0.4026934665789867,-21.103795778014614,-0.09266894980622241,-0.27796594211293546,-5.7166199222198415,6.938453443999224,1.3974943088239247,38.67939718315148
3.2600000000000002,0.16316316316316315,-20.42045965333257,-7.542173281786244,-13.648521522608947,-19.864218847991342,-20.222971447168838,2.1018662310807827,33.93691361756636,-2.6901545347402935,37.60049513038492,11.595795267146642,-24.58909492193793,27.237864210279543,5.745967758853223,-26.92819943844998,-0.402310631516888,-21.0992549490949,-0.09590576408662893,-0.27776707955484353,-5.719392784586028,6.932852722119848,1.392326175689042,38.67225015220441
3.2800000000000002,0.16416416416416416,-20.415969896434163,-7.542525590428495,-13.647286973186114,-19.862039088913612,-20.218225117258445,2.1025604063832355,33.938275655344164,-2.691903268553602,37.598606276955486,11.606031053221974,-24.588972077996043,27.235712829517215,5.750895072615761,-26.93314486069308,-0.40192590157044455,-21.094655258416843,-0.0991415060561849,-0.277570796301703,-5.722197197322204,6.927215882761587,1.3871241551855131,38.66504260961534
3.3000000000000003,0.16516516516516516,-20.41144909182747,-7.542861386233238,-13.646003481770459,-19.859834762225354,-20.213487814789676,2.1032627131698787,33.93964731399773,-2.693657173010046,37.59668852191275,11.616275798015332,-24.58886430253591,27.233540264562947,5.7558654830832126,-26.93810253952514,-0.4015392986391755,-21.089996411091697,-0.10237545358033256,-0.27737712073956455,-5.725033226658679,6.921544295529227,1.3818884954482884,38.65777558537671
3.3200000000000003,0.16616616616616617,-20.406897499679406,-7.543180582171543,-13.64467104079553,-19.857606094934,-20.20875991408395,2.1039732715285693,33.94102865239755,-2.695416141418792,37.59474181281725,11.626526937345698,-24.588771915536018,27.231346534630713,5.76087842311749,-26.943072152598297,-0.4011508449117747,-21.085278122547308,-0.10560688861026611,-0.2771860811979409,-5.727900926242637,6.915839371867106,1.37661945688398,38.65045015260845
3.34,0.16716716716716717,-20.402315393919665,-7.543483095916077,-13.643289663780987,-19.855353324471942,-20.2040417794048,2.1046922035259907,33.94241972723611,-2.6971800668495405,37.59276610464368,11.636781872949953,-24.588695234651667,27.22913166054161,5.765933292049268,-26.94805337433648,-0.40076056286553435,-21.080500118955744,-0.10883509804096765,-0.2769977059607517,-5.73080033680185,6.9101025640241245,1.37131731233634,38.643067427118275
3.36,0.16816816816816815,-20.397703062416888,-7.543768849860662,-13.641859385427589,-19.853076698736796,-20.199333764929047,2.1054196332255306,33.94382059301426,-2.6989488421376384,37.590761360173744,11.647037974986924,-24.588634575133117,27.226895664696933,5.771029455561573,-26.95304587598844,-0.4003684752657728,-21.075662137665333,-0.11205937456262528,-0.27681202327636756,-5.733731485816049,6.904335363917611,1.3659823472403725,38.635628566868725
3.38,0.16916916916916916,-20.393060807135438,-7.544037771138396,-13.6403802616901,-19.850776476124103,-20.194636214728273,2.1061556867041347,33.94523130202907,-2.70072235988761,37.58872755039536,11.657292584659713,-24.588590249745092,27.22463857104642,5.776166245623275,-26.958049325682794,-0.39997460516526534,-21.07076392763691,-0.1152790175027108,-0.27662906136670024,-5.736694387196773,6.898539301897007,1.3606148597643122,38.62813477135022
3.4,0.17017017017017017,-20.388388944271874,-7.544289791638305,-13.638852369827708,-19.84845292555218,-20.18994946276068,2.1069004920680516,33.946651904363215,-2.7025005124750985,37.58666465490781,11.667543016951335,-24.588562568687635,27.222360405051713,5.781342960473867,-26.963063388485054,-0.3995789759036755,-21.06580524988407,-0.11849333365598086,-0.2764488484352825,-5.7396890409764865,6.892715945408754,1.355215160938701,38.62058728085993
3.42,0.17117117117117117,-20.383687804370258,-7.544524848020488,-13.637275808431538,-19.846106326478797,-20.18527383287337,2.107654179467389,33.94808244787592,-2.7042831920472254,37.584572662332036,11.677786563468139,-24.5885518395183,27.220061193645,5.786558864660803,-26.968087726456666,-0.3991816111069852,-21.0607858779172,-0.12170163809966582,-0.27627141267428484,-5.74271543300778,6.886866897564201,1.3497835747718065,38.61298737568659
3.44,0.17217217217217218,-20.378957732415472,-7.54474288172972,-13.635650697428963,-19.843736968909354,-20.180609638815085,2.108416881109395,33.94952297819555,-2.7060702905213736,37.582451570725546,11.688020495384823,-24.588558367075656,27.21774096518285,5.791813189130539,-26.97312199871596,-0.3987825346869201,-21.05570559819108,-0.12490325499112591,-0.27609678227041456,-5.745773534673462,6.88099379561279,1.3443204383506309,38.605336375201794
3.46,0.17317317317317318,-20.37419908790383,-7.544943839007474,-13.633977178064443,-19.84134515339627,-20.175957184259378,2.109188731270377,33.95097353871384,-2.7078616995824136,37.58030138800098,11.698242066484356,-24.588582453404083,27.2153997493953,5.797105131374246,-26.97816586150109,-0.39838177084036863,-21.05056421055575,-0.12809751834528488,-0.2759249854096446,-5.748863302608326,6.875098309323179,1.3388261019267804,38.59763563685862
3.48,0.17417417417417416,-20.36941224489025,-7.545127670902308,-13.632255412856704,-19.838931191029207,-20.17131676283823,2.1099698663061797,33.95243417058182,-2.709657310678396,37.57812213234776,11.708448516285504,-24.588624397679816,27.213037577330297,5.802433855629031,-26.983218968234844,-0.39797934404879026,-21.04536152871044,-0.1312837727891972,-0.27575605028071926,-5.751984678433405,6.86918213927543,1.3333009289864757,38.58988655509914
3.5,0.17517517517517517,-20.364597592011393,-7.545294333278554,-13.630485585532123,-19.836495403415913,-20.166688658186054,2.11076042466112,33.953904912707515,-2.7114570150147363,37.57591383265575,11.718637073250152,-24.588684496138217,27.210654481293517,5.8077984931353415,-26.988280969591376,-0.39757527907761003,-21.040097380660217,-0.1344613742911664,-0.2755900050773861,-5.755137588503469,6.863247015067759,1.3277452963040082,38.582090560172375
3.52,0.17617617617617617,-20.359755532484208,-7.545443786823267,-13.628667900934255,-19.834038122653247,-20.162073143993997,2.1115605468753054,33.95538580175539,-2.713260703546936,37.57367652894028,11.72880495806214,-24.588763042002224,27.208250494783698,5.813198142451038,-26.993351513564765,-0.39716960097559534,-21.03477160917504,-0.13762969086190824,-0.27542687799930465,-5.7583219436685456,6.857294693441796,1.3221595939779738,38.57424911686498
3.54,0.17717717717717718,-20.354886484079405,-7.545575997051348,-13.62680258490953,-19.831559691288195,-20.157470484074505,2.112370375590231,33.95687687214762,-2.71506826697187,37.571410272767366,11.738949386968814,-24.588860325411947,27.205825652423663,5.818631869822471,-26.998430245539428,-0.39676233507421066,-21.029384072250913,-0.14078810322534505,-0.2752666972515831,-5.761537639050205,6.851326956330659,1.3165442254496393,38.56636372314733
3.56,0.1781781781781782,-20.34999087906946,-7.545690934308789,-13.62488988416918,-19.8290604622685,-20.152880932435966,2.113190055552579,33.958378156067205,-2.7168795957177045,37.569115127678295,11.749067575176142,-24.588976633355355,27.203379989887107,5.824098709612697,-27.00351680836231,-0.3963535069869454,-21.02393464357279,-0.14393600545672336,-0.27510949104289834,-5.764784553833332,6.8453456088345535,1.3108996075028347,38.55843590873785
3.58,0.17917917917917917,-20.345069164150864,-7.54578857377395,-13.622930066127553,-19.826540798882668,-20.14830473336734,2.114019733616116,33.959889683463004,-2.7186945799324858,37.56679116961252,11.759156740287802,-24.589112249600014,27.200913543821418,5.829597664786804,-27.008610842416832,-0.3959431426086107,-21.018423212978792,-0.14707280558586838,-0.2749552875821546,-5.768062551074088,6.839352477128936,1.3052261702447958,38.55046723358913
3.6,0.18018018018018017,-20.340121800340356,-7.545868895456794,-13.620923418717053,-19.82400107468899,-20.143742121532593,2.1148595587416126,33.961411482056626,-2.7205131094714647,37.56443848732779,11.769214105778374,-24.589267454625833,27.198426351766646,5.835127707454115,-27.01371198569856,-0.39553126811459893,-21.01284968692537,-0.15019792616352337,-0.27480411507364016,-5.771371477524747,6.8333494063106475,1.299524357067423,38.5424592862996
3.62,0.18118118118118118,-20.33514926284502,-7.545931884195994,-13.618870250179983,-19.8214416734334,-20.13919332207474,2.115709681994677,33.962943577351325,-2.722335073883225,37.562057182816424,11.779236904490446,-24.58944252555876,27.195918452070895,5.840687779466849,-27.018819873892543,-0.3951179099601011,-21.00721398895297,-0.1533108047888698,-0.2746560017106439,-5.774711163476031,6.827338258187688,1.293794624588466,38.53441368245482
3.64,0.18218218218218218,-20.33015204090624,-7.545977529653833,-13.616770888837657,-19.818862988955832,-20.134658550729284,2.116570256541433,33.96448599264283,-2.7241603623946777,37.5596473717166,11.789222382145239,-24.589637736105363,27.193389883802364,5.84627679307465,-27.023934140452283,-0.39470309487927585,-21.0015160601517,-0.15641089459648397,-0.2745109756674971,-5.778081422617576,6.821320909018638,1.2880374425721874,38.52633206290308
3.66,0.1831831831831832,-20.325130637617463,-7.546005826308788,-13.614625682837227,-19.81626542508484,-20.13013801394683,2.1174414376419324,33.96603874903217,-2.7259888638950005,37.557209183717525,11.799167800856189,-24.5898533564883,27.190840686658287,5.851893631634171,-27.029054416680296,-0.394286849884364,-20.99575585962657,-0.1594976647011571,-0.27436906509000886,-5.781482051917097,6.815299247207932,1.2822532938291142,38.51821609196994
3.68,0.1841841841841842,-20.32008556971606,-7.54601677344572,-13.612434999876724,-19.813649395520287,-20.125631909024573,2.118323382641234,33.96760186544058,-2.7278204669185957,37.554742762957254,11.809070442634804,-24.59008965338256,27.18827090087106,5.85753715037275,-27.034180331810187,-0.39386920226474204,-20.98993336496166,-0.16257060059918677,-0.27423029808426796,-5.784912831518789,6.809275170963441,1.2764426740945294,38.510067455617026
3.7,0.18518518518518517,-20.31501736734938,-7.54601037514357,-13.61019922690886,-19.81101532370382,-20.121140424246427,2.1192162509580443,33.96917535862636,-2.729655059627148,37.552248268412,11.818927612878046,-24.590346889852462,27.185680567111838,5.863206177204992,-27.03931151309023,-0.3934501795859075,-20.984048572682784,-0.16562920452493862,-0.2740947027037883,-5.788373524661468,6.803250585923004,1.270606091885422,38.5018878595504
3.72,0.18618618618618618,-20.30992657381542,-7.54598664026046,-13.607918769824254,-19.808363642676994,-20.11666373903142,2.1201202040708482,33.9707592432039,-2.731492529790867,37.54972587427568,11.82873664382654,-24.590625325289405,27.183069726391924,5.868899513600917,-27.04444758586836,-0.3930298096883899,-20.978101498717926,-0.16867299576167485,-0.2739623069349787,-5.791863877616901,6.797227402756677,1.2647440683356657,38.49367902728422
3.74,0.1871871871871872,-20.304813745278505,-7.545945582416098,-13.605594053114741,-19.8056947949268,-20.1122020240901,2.1210354055014404,33.97235353166471,-2.733332764768997,37.54717577032842,11.838494897982914,-24.590925215350232,27.18043841996227,5.87461593550414,-27.04958817367855,-0.39260812068657885,-20.972092178854908,-0.1717015109058506,-0.2738331386809243,-5.795383619648745,6.7912075347516145,1.2588571370092578,38.485442698165585
3.7600000000000002,0.1881881881881882,-20.299679450460495,-7.545887219971397,-13.60322551951753,-19.803009232218496,-20.107755441588512,2.121962020795779,33.973958234400556,-2.73517565148968,37.544598162292864,11.848199771479774,-24.591246811896255,27.177786689211416,5.880354194298379,-27.054732898328478,-0.3921851409674625,-20.96602066919556,-0.17471430408428934,-0.2737072257434702,-5.798932462992447,6.785192895386542,1.2529458436915197,38.47718062536657
3.7800000000000002,0.1891891891891892,-20.294524270308152,-7.545811576005197,-13.600813629640992,-19.800307415415553,-20.103324145319487,2.1229002175020835,33.97557335972875,-2.7370210764292637,37.541993272176875,11.85784869738694,-24.591590362932852,27.17511457556222,5.886113017820425,-27.059881379988468,-0.391760899189268,-20.95988704660572,-0.1777109471238617,-0.2735845958036052,-5.802510102856429,6.7791853959028465,1.2470107461582158,38.46889457384982
3.8000000000000003,0.19019019019019018,-20.289348797637317,-7.545718678288002,-13.598358861572951,-19.797589814286653,-20.09890828088072,2.1238501651461017,33.977198913919516,-2.73886892559114,37.53936133860153,11.867439148947872,-24.591956112549635,27.172422120367752,5.891891111417549,-27.065033237281607,-0.3913354242799963,-20.953691409160278,-0.18069102967350736,-0.27346527640014806,-5.806116217444824,6.773186942879299,1.2410524139226227,38.46058631831387
3.8200000000000003,0.19119119119119118,-20.28415363675473,-7.545608559252626,-13.595861710472327,-19.794856907299593,-20.09450798585935,2.1248120352034747,33.9788349012255,-2.740719084484197,37.53670261711302,11.876968642735465,-24.592344300861146,27.16970936480669,5.897687159047159,-27.070188087374984,-0.39090874543584275,-20.947433876582554,-0.18365415927865636,-0.2733492949067447,-5.809750468001965,6.76719943581738,1.235071427960647,38.45225764112472
3.84,0.1921921921921922,-20.27893940305833,-7.545481255961661,-13.593322688145115,-19.79210918140209,-20.090123390022537,2.1257860010691343,33.98048132391339,-2.742571438100983,37.53401738047725,11.886434741717798,-24.59275516394805,27.166976349778587,5.903499824416397,-27.075345546071972,-0.3904808921194952,-20.941114590677085,-0.18659996140832222,-0.27323667850719285,-5.8134124988788045,6.761224764744127,1.2290683804141567,38.443910330240115
3.86,0.1931931931931932,-20.273706722616954,-7.54533681007167,-13.590742322605614,-19.789347131789416,-20.085754615513633,2.1267722380236664,33.98213818229771,-2.7444258708956566,37.53130591895591,11.895835058224803,-24.59318893379881,27.164223115799413,5.90932775215922,-27.08050522790552,-0.39005189405830115,-20.934733715755073,-0.18952807943535177,-0.2731274541691148,-5.817101937621357,6.75526480783929,1.2230438742727658,38.435546177133006
3.88,0.1941941941941942,-20.26845623173049,-7.545175267794018,-13.588121157623942,-19.786571261658885,-20.081401777053493,2.1277709231965845,33.9838054747767,-2.746282266761812,37.52856854056271,11.905167256807268,-24.593645838251877,27.161449702897713,5.915169569048389,-27.085666746232324,-0.3896217812422952,-20.928291439051527,-0.19243817457052748,-0.27302164861600714,-5.820818395081232,6.749321429093455,1.2169985230343796,38.42716697472054
3.9,0.19519519519519518,-20.263188576471542,-7.54499667985226,-13.585459752260833,-19.783782081951212,-20.07706498214645,2.1287822355264576,33.985483197870344,-2.7481405090102617,37.52580557129873,11.914429056980133,-24.594126100938297,27.158656150511764,5.921023885239701,-27.090829713327864,-0.38919058392207817,-20.9217879711332,-0.19532992575142252,-0.2729192882977031,-5.824561465548248,6.743396476003597,1.2109329503448787,38.418774515305074
3.92,0.1961961961961962,-20.25790441220974,-7.544801101436009,-13.582758680390771,-19.78098011107881,-20.07274433129048,2.129806355717846,33.98717134626053,-2.7500004803468494,37.523017355365525,11.923618235842534,-24.594629941224817,27.15584249738812,5.92688929554566,-27.09599374048219,-0.38875833260653925,-20.915223546296353,-0.1982030294871077,-0.2728203993592904,-5.828330726905076,6.7374917773123375,1.204847789617393,38.4103705885334
3.94,0.1971971971971972,-20.252604403119904,-7.544588592151199,-13.580018530214499,-19.778165874641115,-20.068439918191086,2.1308434661949995,33.98886991283332,-2.751862062850374,37.52020425535492,11.932732630567658,-24.595157574157476,27.153008781481887,5.932764380735748,-27.10115843809638,-0.388325058060412,-20.90859842295335,-0.2010571996600001,-0.2727250076085336,-5.832125740803804,6.7316091407969125,1.1987436836316838,38.4019569793803
3.96,0.1981981981981982,-20.247289221675302,-7.5443592159667014,-13.57723990376199,-19.775339905127066,-20.064151829978403,2.1318937510522837,33.99057888872332,-2.753725137950687,37.51736665241446,11.941770140756072,-24.595709210405662,27.150155039859104,5.938647708860341,-27.10632341577964,-0.3878907913016561,-20.90191288400704,-0.20389216728632625,-0.27263313848185905,-5.835946052864258,6.72575035111361,1.1926212841142214,38.39353546616249
3.98,0.1991991991991992,-20.24195954812732,-7.544113041157208,-13.574423416386933,-19.77250274160493,-20.05988014742703,2.1329573960013013,33.99229826336012,-2.7555895864070394,37.514504946387255,11.950728730646828,-24.596285056206703,27.147281308601592,5.9445378365952735,-27.111488282446896,-0.38745556359865574,-20.895167237211894,-0.20670768023684402,-0.2725448170089669,-5.839791192893869,6.719917167703124,1.1864812512996123,38.385107818588494
4.0,0.20020020020020018,-20.236616069972822,-7.543850140242354,-13.5715696962538,-19.76965492939966,-20.05562494517809,2.1340345883146874,33.99402802451684,-2.757455288286726,37.51161955592539,11.959606431181331,-24.596885313310974,27.144387622714603,5.950433310604022,-27.11665264641684,-0.38701940646722627,-20.88836181552079,-0.2095035029196303,-0.2724600677761415,-5.8436606751288105,6.714111322761966,1.1803242534740985,38.37667579585023
4.0200000000000005,0.2012012012012012,-20.23125948141062,-7.543570589922028,-13.568679383818566,-19.766797019757995,-20.051386291963006,2.135125516766557,33.99576815836071,-2.759322122944092,37.508710918575765,11.968401341915571,-24.597510178927593,27.141474016037602,5.956332668914406,-27.12181611551035,-0.3865823516674209,-20.881496977416326,-0.2122794159268901,-0.27237891488834076,-5.847553998496091,6.708334519284723,1.1741509665019092,38.36824114476139
4.04,0.2022022022022022,-20.225890482788405,-7.543274471007837,-13.565753131304133,-19.76392956950163,-20.047164250828548,2.1362303715696025,33.9975186495057,-2.7611899689999495,37.50577949083754,11.977111632777097,-24.59815984567073,27.138540521158514,5.962234442306726,-27.12697829714918,-0.38614443120012887,-20.87457310722556,-0.21503521564788067,-0.2723013819301504,-5.851470646896231,6.702588429181599,1.1679620733353098,38.35980559794759
4.0600000000000005,0.2032032032032032,-20.220509780041514,-7.542961868350709,-13.562791602171483,-19.761053140668743,-20.042958879362555,2.1373493443088307,33.999279481067106,-2.76305870432144,37.502825748190276,11.985735545663722,-24.598834501506555,27.135587169331753,5.968137155710212,-27.132138798454843,-0.3857056773034576,-20.86759061541699,-0.21777071385016783,-0.2722274919256977,-5.855410089506108,6.696874691475321,1.1617582635092505,38.351370872093106
4.08,0.2042042042042042,-20.215118084125027,-7.542632870764609,-13.559795470587588,-19.75816830014421,-20.03877022991995,2.138482627871951,34.001050634718176,-2.7649282060023896,37.499850185091965,11.994271395881722,-24.599534329700944,27.132613990400284,5.974039329604699,-27.1372972263476,-0.3852661224488908,-20.8605499388786,-0.22048573723154188,-0.2721572672976258,-5.859371781101501,6.691194910581061,1.1555402326215685,38.34293866624836
4.1,0.20520520520520522,-20.209716110440528,-7.542287570946395,-13.556765420891066,-19.75527561927895,-20.034598349848466,2.139630416376428,34.00283209074864,-2.7667983503441795,37.49685331494623,12.00271757342191,-24.600259508767902,27.129621012722044,5.9799394814244256,-27.142453187645472,-0.3848257993372152,-20.853451541175843,-0.22318012694501646,-0.2720907298252373,-5.863355162398823,6.685550654672688,1.1493086817997527,38.33451066020229
4.12,0.2062062062062062,-20.204304578258977,-7.5419260653917854,-13.553702147056564,-19.75237567349877,-20.030443281713666,2.140792905093217,34.00462382812517,-2.7686690128371585,37.493835670038,12.011072544072729,-24.60101021241889,27.126608263100945,5.985836126960901,-27.147606289163207,-0.3843847408942093,-20.846295912788307,-0.22585373809941475,-0.2720279006019214,-5.867359660415491,6.679943454138219,1.1430643171553247,38.326088512923164
4.14,0.2072072072072072,-20.19888421014111,-7.541548454307495,-13.55060635215877,-19.749469041903193,-20.026305063522756,2.14197029036722,34.00642582455372,-2.7705400681426124,37.49079780143709,12.019334850370122,-24.601786609513013,27.123575766722713,5.991727781761834,-27.152756137811057,-0.38394298026608703,-20.839083571323904,-0.2285064392381144,-0.271968799991987,-5.871384688848337,6.6743748001269605,1.1368078492269331,38.31767386107115
4.16,0.2082082082082082,-20.19345573135672,-7.541154841519557,-13.547478747837,-19.746556306854806,-20.022183728946732,2.1431627695344972,34.008238056543725,-2.7724113900753005,37.48774027886912,12.027503112384622,-24.602588864008247,27.120523547095786,5.997612962523144,-27.157902340693344,-0.3835005508146907,-20.83181506170939,-0.23113811179857313,-0.27191344758702934,-5.87542964846943,6.668846143190406,1.1305399924132984,38.30926831758553
4.18,0.2092092092092092,-20.188019869304238,-7.540745334377876,-13.544320053761194,-19.74363805355957,-20.018079307540418,2.1443705408362828,34.01006049947403,-2.77428285158656,37.484663690553376,12.035576028346744,-24.603417134913705,27.117451625997457,6.003490188471164,-27.163044505206695,-0.3830574861124273,-20.82449095635601,-0.2337486495552953,-0.271861862161964,-5.8794939275386175,6.663358892018579,1.124261464397181,38.30087347034907
4.2,0.21021021021021022,-20.182577352931883,-7.540320043657084,-13.54113099710017,-19.740714869638786,-20.01399182495996,2.1455938033298687,34.01189312766067,-2.776154324747974,37.48156864300725,12.043552375112357,-24.604271576243097,27.11436002342544,6.009357982732194,-27.168182239137856,-0.3826138199369432,-20.81711185529914,-0.23633795804892016,-0.2718140616308676,-5.883576902232121,6.6579144122730884,1.1179729855615717,38.292490880931666
4.22,0.2112112112112112,-20.17712891216176,-7.539879083453759,-13.537912311992905,-19.737787344693196,-20.009921303177332,2.1468327567964183,34.01373591442631,-2.7780256807355905,37.478455760816914,12.05143100847031,-24.605152336969425,27.111248757555042,6.015214873686667,-27.173315150761006,-0.38216958626553305,-20.809678386310697,-0.23890595400412104,-0.27177006300276946,-5.887677937086402,6.652514025517778,1.1116752783993318,38.28412208341503
4.24,0.2122122122122122,-20.17167527731812,-7.5394225710801015,-13.534664739023597,-19.73485606985995,-20.00586776069151,2.1480876016457895,34.01558883217136,-2.7798967898146745,37.47532568637412,12.059210863295137,-24.60605956098105,27.108117844702043,6.021059396305269,-27.17844284893448,-0.3817248192692783,-20.80219120498325,-0.24145256473899793,-0.2717298823375447,-5.891796385456576,6.647159008247479,1.1053690669175327,38.27576858329971
4.26,0.2132132132132132,-20.166217178561055,-7.538950626954165,-13.531389024701221,-19.73192163736306,-20.001831212735834,2.1493585388184537,34.01745185244668,-2.781767521324964,37.47217907957898,12.066890953548189,-24.606993387039186,27.104967299291417,6.026890093464442,-27.18356494319683,-0.38127955330691327,-20.794650994784664,-0.2439777275686252,-0.2716935347020603,-5.895931589988545,6.641850591014991,1.0990550760377529,38.26743185649553
4.28,0.21421421421421422,-20.16075534532676,-7.538463374486743,-13.528085920944207,-19.728984640058037,-19.99781167148128,2.1506457696846093,34.01932494602792,-2.7836377436664033,37.46901661750867,12.074470372131005,-24.60795394873699,27.101797133831976,6.032705517238843,-27.1886810438621,-0.3808338229184153,-20.78705846708226,-0.2464813892053831,-0.2716610341267334,-5.900082883104059,6.636589957656066,1.0927340309936087,38.25911334839597
4.3,0.21521521521521522,-20.155290505775522,-7.537960939965056,-13.52475618457087,-19.72604567097145,-19.99380914623523,2.151949495940589,34.02120808299128,-2.785507324285307,37.46583899405226,12.081948290595221,-24.60894137446027,27.098607358897027,6.038504230168389,-27.193790762114265,-0.3803876628183178,-20.779414361135405,-0.24896350515865479,-0.27163239356266095,-5.904249587497855,6.631378244611816,1.086406656726795,38.25081447303679
4.32,0.21621621621621623,-20.149823386248524,-7.537443452433359,-13.521400576796168,-19.72310532283616,-19.989823643635436,2.1532699195026863,34.02310123279078,-2.7873761296609167,37.46264691951165,12.089323958713681,-24.609955787349968,27.095397983111052,6.044284806497698,-27.198893710100755,-0.37994110788874563,-20.771719444055567,-0.251424039136413,-0.27160762483948436,-5.908431016646027,6.626216540347653,1.0800736772829156,38.242536612338725
4.34,0.2172172172172172,-20.144354710734437,-7.536911043570625,-13.518019862735263,-19.720164187623,-19.985855167838878,2.154607242398516,34.025004364336915,-2.7892440252922923,37.45944112016904,12.096596703917804,-24.610997305266547,27.092169013142477,6.050045833385801,-27.203989501024928,-0.3794941931721715,-20.763974510732897,-0.2538629624511501,-0.2715867386241545,-5.912626475324744,6.6211058848675455,1.0737358152083767,38.23428111543392
4.36,0.2182182182182182,-20.138885200346788,-7.536363847565474,-13.51461481091442,-19.717222856069657,-19.9819037207052,2.1559616666560526,34.02691744607666,-2.7911108756854883,37.456222337821195,12.103765930606608,-24.612066040756314,27.08892045370252,6.055785912084176,-27.209077749237473,-0.3790469538638957,-20.75618038372844,-0.2562802534325258,-0.27156974438076315,-5.916835260138446,6.616047269322089,1.0673937909496063,38.226049298075296
4.38,0.21921921921921922,-20.133415572813025,-7.535802000988511,-13.511186192789616,-19.71428191720766,-19.977969301974497,2.157333394190482,34.0288404460747,-2.792976544340947,37.45299132928097,12.110831119333024,-24.61316210101987,27.08565230755009,6.061503659081255,-27.214158070326626,-0.37859942530425,-20.74833791313118,-0.25867589684901604,-0.2715566503316088,-5.921056660056604,6.611041635708615,1.0610483222558513,38.21784244212773
4.4,0.22022022022022023,-20.12794654197604,-7.535225642662265,-13.507734782273282,-19.71134195788821,-19.974051909439165,2.158722626689027,34.03077333209595,-2.7948408937410454,37.449748865846615,12.117791825873454,-24.614285587882733,27.082364575502744,6.067197707211704,-27.21923008120712,-0.378151642970528,-20.740447976379137,-0.26104988334074736,-0.27154746341966407,-5.9252899569581725,6.606089876661314,1.054700123586781,38.20966179513984
4.42,0.22122122122122123,-20.122478817309002,-7.534634913528929,-13.504261355269502,-19.708403562307755,-19.97015153910967,2.160129565493902,34.03271607168914,-2.796703785337723,37.44649573273953,12.12464768018665,-24.615436597768284,27.079057256453584,6.072866706728903,-27.2242934002078,-0.37770364246864624,-20.732511478043882,-0.26340220886559507,-0.27154218927261187,-5.92953442618279,6.601192835329114,1.0483499055261039,38.20150856999458
4.44,0.2222222222222222,-20.117013103444126,-7.534029956516099,-13.500766689217981,-19.705467311534182,-19.96626818537394,2.1615544114835736,34.03466863227157,-2.7985650795401145,37.443232728511134,12.131398385268241,-24.616615221673108,27.075730347394096,6.078509326339211,-27.229347647157823,-0.3772554595245399,-20.724529349577836,-0.2657328741605072,-0.2715408321686162,-5.933789337087848,6.596351305338831,1.0419983742023768,38.193383944637006
4.46,0.22322322322322322,-20.111550099716084,-7.533410916400744,-13.497251562647019,-19.70253378303443,-19.962401841150328,2.162997364952502,34.03663098121483,-2.8004246357021123,37.43996066441973,12.13804371590731,-24.617821545144864,27.072383843442786,6.084124254196698,-27.23439244347138,-0.37680712997529897,-20.716502549023883,-0.26804188421989705,-0.2715433950039914,-5.938053953610506,6.591566030840958,1.035646230718152,38.185289061876894
4.48,0.22422422422422422,-20.10609049972055,-7.532777939671621,-13.493716754735749,-19.699603550204447,-19.958552498033875,2.164458625489552,34.03860308593145,-2.80228231210977,37.43668036377815,12.144583517351515,-24.61905564826276,27.06901773787954,6.0897101988572135,-27.239427412230828,-0.37635868976005055,-20.708432060686842,-0.27032924779281853,-0.27154987926293145,-5.942327534833741,6.586837706635229,1.0292941705885716,38.17722502926408
4.5,0.22522522522522523,-20.10063499088848,-7.53213117439038,-13.490163044885785,-19.69667718190239,-19.954720146435864,2.1659383918552693,34.04058491396252,-2.804137965968466,37.433392661273324,12.151017703887346,-24.62031760562074,27.06563202218557,6.09526589019077,-27.24445217826821,-0.37591017491059586,-20.70031889476651,-0.2725949769005095,-0.2715602849894573,-5.946609335555546,6.582166978373015,1.0229428831904799,38.16919291903396
4.5200000000000005,0.22622622622622623,-20.095184254076447,-7.531470770051596,-13.486591212302466,-19.693755241985873,-19.950904775716495,2.1674368618582234,34.04257643306603,-2.8059914533897414,37.43009840225867,12.157346257342073,-24.62160748631351,27.062226686088813,6.1007900802513495,-27.249466368245063,-0.37546162154180945,-20.692164086952026,-0.2748390863757512,-0.27157461076173606,-5.950898606860361,6.577554442833418,1.0165930512230787,38.16119376812053
4.54,0.2272272272272272,-20.08973896317351,-7.53079687744199,-13.48300203558578,-19.690838288854202,-19.94710637431063,2.1689542322306257,34.044577611306,-2.8078426293777192,37.42679844202064,12.163569225513985,-24.62292535392541,27.058801717614642,6.106281544103403,-27.254469610730442,-0.37501306584181016,-20.68396869797746,-0.27706159342535513,-0.27159285366892233,-5.955194596691871,6.573000648269869,1.010245350181105,38.15322857823415
4.5600000000000005,0.22822822822822822,-20.084299784724873,-7.53010964849908,-13.479396292331087,-19.68792687499646,-19.943324929846547,2.170490698503443,34.046588417142296,-2.809691347815016,37.423493645020464,12.169686720537435,-24.62427126652233,27.055357103141727,6.111739080604427,-27.259461536277136,-0.3745645440619146,-20.67573381313861,-0.279262517216947,-0.27161500929066507,-5.95949655042628,6.568506094823919,1.0039004478414615,38.1452983160011
4.58,0.22922922922922923,-20.07886737757258,-7.529409236169545,-13.475774758739664,-19.685021546546267,-19.93956042925771,2.172046454881222,34.048608819520986,-2.8115374614480553,37.42018488411258,12.175698917189152,-24.62564527664667,27.051892827462847,6.1171615131431265,-27.264441777495943,-0.3741160925063843,-20.6674605417711,-0.2814418784910775,-0.2716410716794186,-5.963803711445217,6.564071235002855,0.9975590037641756,38.13740391316201
4.6000000000000005,0.23023023023023023,-20.073442392513453,-7.528695794267551,-13.472138209239143,-19.682122842844127,-19.93581285888748,2.173621694116857,34.05063878796531,-2.8133808218716907,37.416873039741034,12.181606051142204,-24.627047431315443,27.048408873850516,6.122547690332822,-27.26940996912802,-0.3736677475219789,-20.65915001669002,-0.28359969919954503,-0.27167103334568904,-5.9681153217074066,6.559696474217723,0.9912216688085111,38.12954626682589
4.62,0.23123123123123124,-20.068025471974405,-7.527969477333329,-13.468487416113808,-19.679231296008137,-19.93208220458684,2.1752166073865324,34.05267829266705,-2.8152212795130453,37.41355899911532,12.18740841717383,-24.628477772021643,27.04490522412718,6.127896486659854,-27.274365748115194,-0.37321954548732916,-20.650803393591403,-0.2857360021706753,-0.271704885246341,-5.972430622318298,6.555382171378293,0.9848890846649971,38.12172623977671
4.64,0.23223223223223222,-20.062617249705177,-7.527230440492257,-13.464823149144781,-19.676347430513935,-19.928368451805166,2.1768313841650717,34.054727304578314,-2.8170586836144773,37.41024365536718,12.193106367333264,-24.629936334738858,27.041381858739822,6.133206803086888,-27.27930875366819,-0.3727715228021434,-20.642421850416024,-0.2878508108021598,-0.2717426167760806,-5.976748854096831,6.551128639541499,0.9785618834040812,38.11394466082928
4.66,0.23323323323323322,-20.057218350488544,-7.5264788393147475,-13.461146175260017,-19.67347176278466,-19.924671585674066,2.1784662121019416,34.05678579550362,-2.8188928822155814,37.406927906690036,12.19870030907549,-24.631423149929272,27.037838756838728,6.138477567611102,-27.284238627332755,-0.37232371587626323,-20.63400658667607,-0.28994414878191604,-0.2717842157622226,-5.981069258138549,6.546936146609875,0.9722406870420561,38.106202325231145
4.68,0.23423423423423423,-20.051829389867965,-7.525714829677193,-13.45745725819409,-19.67060480079171,-19.9209915910844,2.180121276898147,34.058853738192255,-2.8207237221341352,37.40361265546253,12.204190703366667,-24.632938242555074,27.034275896360246,6.14370773577739,-27.289155013053577,-0.3718761611185847,-20.62555882274537,-0.29201603983729457,-0.27182966846284184,-5.985391076374296,6.54280491607652,0.9659261071248442,38.09849999510727
4.7,0.23523523523523523,-20.046450973892565,-7.524938567624273,-13.453757158157687,-19.667747043667045,-19.91732845275657,2.181796762184266,34.06093110643077,-2.822551048945905,37.400298807358034,12.209578062766829,-24.63448163209332,27.030693254113263,6.148896291146784,-27.294057557235977,-0.3714288949258613,-20.617079799114013,-0.294066507512822,-0.2718789595683972,-5.989713552123753,6.538735127813155,0.9596187443301661,38.09083839994425
4.72,0.23623623623623624,-20.041083698879365,-7.524150209232862,-13.45004663151673,-19.664898981327788,-19.913682155304155,2.1834928493998738,34.063017875135635,-2.824374706963224,37.39698727044178,12.214862949495174,-24.636053332554333,27.027090805869214,6.1540422457204205,-27.298945908805337,-0.3709819536714077,-20.60857077560825,-0.29609557497653854,-0.27193207220690885,-5.99403593064309,6.534726918897872,0.9533191880885551,38.08321823711079
4.74,0.23723723723723725,-20.035728151192572,-7.523349910477855,-13.44632643048104,-19.66206109411381,-19.9100526832911,2.185209717674597,34.06511402044587,-2.8261945392122594,37.39367895425744,12.220045973483124,-24.637653352503634,27.02346852645539,6.159144640319475,-27.303819719264197,-0.3705353736937219,-20.60003303057675,-0.29810326485486044,-0.2719889879527579,-5.998357459666046,6.530780384479216,0.9470280162236172,38.0756401724112
4.76,0.23823823823823823,-20.030384907039732,-7.522537827100149,-13.442597302802417,-19.65923385243895,-19.906440021282524,2.186947543711058,34.06721951981567,-2.8280103874088884,37.390374768905,12.225127790420029,-24.63928169508748,27.019826389851268,6.16420254492155,-27.308678642746997,-0.37008919128504597,-20.591467860044357,-0.3000895990957727,-0.27204968683916636,-6.002677389937765,6.5268955786733125,0.9407457946118758,38.06810484066881
4.78,0.23923923923923923,-20.02505453228451,-7.521714114477051,-13.438859991482062,-19.65641771645652,-19.90284415388938,2.188706501669946,34.06933435210696,-2.8298220919331065,37.387075624111695,12.230109099796213,-24.640938358062,27.01616436928771,6.16921505895413,-27.313522336072417,-0.36964344267988497,-20.58287657683464,-0.30205459886004077,-0.27211414737440615,-6.006994975740746,6.523072515490815,0.9344730768624743,38.06061284633616
4.8,0.24024024024024024,-20.019737582275802,-7.520878927495394,-13.435115234487185,-19.653613135739715,-19.89926506580709,2.1904867630574696,34.0714584976817,-2.831629491801892,37.38378242829805,12.234990642947801,-24.642623333826,27.012482437348716,6.174181311545762,-27.318350458793276,-0.36919816404350536,-20.574260509662587,-0.30399828444001464,-0.272182346561772,-6.011309475412305,6.519311169790523,0.9282104040169535,38.0531647641289
4.82,0.24124124124124124,-20.014434601692894,-7.52003242042759,-13.431363764476702,-19.65082054897741,-19.89570274184837,2.192288496615434,34.07359193849406,-2.83343242464046,37.38049608764079,12.239773201107504,-24.644336609457365,27.00878056607554,6.179100461735716,-27.32316267324397,-0.368753391460434,-20.565621002198977,-0.3059206752054913,-0.2722542599233434,-6.015620151852957,6.51561147825661,0.921958304269256,38.045761139680394
4.84,0.24224224224224225,-20.009146124406332,-7.519174746810888,-13.427606308535873,-19.648040383685967,-19.892157166970467,2.1941118682141827,34.07573465818222,-2.835230726651832,37.37721750513467,12.2444575934653,-24.646078166753217,27.005058727072928,6.18397169864293,-27.327958644585404,-0.3683091609229798,-20.55695941210799,-0.30782178957599826,-0.2723298615275481,-6.019926273025171,6.511973340396492,0.9157172927060512,38.03840249021424
4.86,0.24324324324324323,-20.003872673354127,-7.518306059330064,-13.423843587919773,-19.645273055937444,-19.888628326296963,2.1959570407486457,34.07788664215982,-2.8370242325846706,37.37394757965501,12.249044675242754,-24.647847982273664,27.001316891617243,6.188794241595129,-27.332738040847392,-0.3678655083198004,-20.548277110059743,-0.3097016450187659,-0.2724091240205276,-6.024227112441974,6.508396619556457,0.9094878710674205,38.03108930523178
4.88,0.24424424424424424,-19.998614760432947,-7.517426509703787,-13.420076317805446,-19.642518970104696,-19.885116205134455,2.1978241740377293,34.080047877707,-2.8388127756993065,37.370687205023074,12.25353533578436,-24.649646027389274,26.997555030766243,6.193567340219059,-27.337500532968512,-0.36742246942453727,-20.539575478719584,-0.31156025807156584,-0.2724920186612929,-6.028521949644905,6.50488114395229,0.9032705275278788,38.02382204721202
4.9,0.24524524524524524,-19.99337288640385,-7.51653624857487,-13.416305207052625,-19.63977851862371,-19.881620788984257,2.199713424727275,34.08221835406097,-2.8405961877319172,37.36743726907602,12.257930496669182,-24.65147226833218,26.993773115470276,6.198290274492803,-27.34224579483337,-0.3669800798845415,-20.530855911715935,-0.3133976443895087,-0.2725785153606479,-6.032810070670883,6.501426707712215,0.89706573649766,38.01660115232125
4.92,0.24624624624624625,-19.988147540812204,-7.515635425404632,-13.412530957972882,-19.637052081773597,-19.878142063549422,2.201624946196815,34.08439806250598,-2.8423742988568015,37.3641986527435,12.262231109845713,-24.65332666625088,26.98997111668469,6.202962354761248,-27.346973503307268,-0.36653837520971505,-20.522119812588695,-0.31521381881481914,-0.2726685827238436,-6.037090768507516,6.498033071929604,0.8908739584441371,38.00942703112994
4.94,0.24724724724724725,-19.98293920192129,-7.514724188371557,-13.408754266107078,-19.634340027474437,-19.874680014737308,2.2035588884703388,34.08658699646276,-2.8441469376467063,37.36097222913273,12.26643815579271,-24.65520917726863,26.986149005483213,6.207582921715764,-27.351683338268252,-0.3660973907614903,-20.513368593720184,-0.31700879546853583,-0.27276218809691566,-6.041363343536503,6.494699965722998,0.8846956397332002,38.002300069334524
4.96,0.24824824824824826,-19.977748336659214,-7.513802684274454,-13.404975820010995,-19.631642711103346,-19.87123462865795,2.2055153981312894,34.08878515157724,-2.8459139310311676,37.35775886262398,12.270552641708491,-24.657119752545498,26.98230675317209,6.2121513463392155,-27.356374982636517,-0.3656571617419724,-20.504603675250745,-0.31878258786302077,-0.27285929761664623,-6.045627103964712,6.491427087301115,0.8785312124903641,37.99522062848181
4.98,0.24924924924924924,-19.972575400578638,-7.512871058440287,-13.401196301049014,-19.6289604753289,-19.867805891618495,2.2074946182419843,34.09099252580857,-2.8476751042528305,37.35455940797829,12.274575599730987,-24.659058338343968,26.978444331404777,6.216667029817465,-27.36104812240117,-0.36521772318326845,-20.495826483981105,-0.3205352090341081,-0.27295987626407775,-6.049881366242642,6.4882141050306,0.8723810944813325,37.98818904669384
5.0,0.2502502502502503,-19.96742083782887,-7.511929454636834,-13.397416383195734,-19.62629364996408,-19.864393790113926,2.2094966882676648,34.093209119516445,-2.8494302808217205,37.35137470945926,12.278508085190586,-24.661024876098146,26.974561712296957,6.221129403418538,-27.365702446644313,-0.3647791099370273,-20.48703845226372,-0.3222666716916722,-0.2730638879214963,-6.054125455469924,6.485060658504441,0.8662456890117017,37.981205639391234
5.0200000000000005,0.25125125125125125,-19.962285081139875,-7.510978014990342,-13.393636732845415,-19.62364255183791,-19.860998310814413,2.2115217440053554,34.095434935547495,-2.851179282467439,37.34820559997067,12.282351174897622,-24.663019302486465,26.970658868541705,6.225537928340654,-27.370337647562483,-0.3643413566642141,-20.478241016885324,-0.32397698838735467,-0.27317129543278995,-6.058358705787616,6.481966359609017,0.8601253848454463,37.97427070001304
5.04,0.25225225225225223,-19.957168551817723,-7.510016879908292,-13.389858008629115,-19.6210074846858,-19.85761944054948,2.2135699175177166,34.097669979320926,-2.852921929089265,37.345052900211755,12.28610596546616,-24.665041549507862,26.966735773524587,6.22989209553035,-27.374953420485358,-0.363904497825144,-20.46943561794293,-0.3256661716981541,-0.27328206066707755,-6.062580460757027,6.4789307935879386,0.8540205561417887,37.96738450073137
5.0600000000000005,0.25325325325325326,-19.952071659751006,-7.509046188007418,-13.386080861239448,-19.61838873905864,-19.854257166289297,2.2156413370720536,34.09991425891321,-2.85465803870415,37.34191741785168,12.289773571675505,-24.667091544561437,26.96279240143849,6.234191425471922,-27.379549463891816,-0.3634685676697979,-20.460623697715604,-0.32733423442455595,-0.2733961445854912,-6.066790073724865,6.4759535201008775,0.8479315624100205,37.96054729315913
5.08,0.25425425425425424,-19.946994803427756,-7.508066076047074,-13.382305933262826,-19.615786592250625,-19.850911475123333,2.2177361270846445,34.102167785141795,-2.8563874273925944,37.33879994672493,12.293355124870718,-24.66916921052946,26.958828727398036,6.2384354679494365,-27.38412547942328,-0.3630336002284442,-20.451806699534274,-0.3289811898018582,-0.273513507310988,-6.070986908174521,6.473034074275748,0.8418587484818089,37.953759309049275
5.1000000000000005,0.2552552552552553,-19.94193836996243,-7.507076678868044,-13.378533859019127,-19.613201308245742,-19.847582354236653,2.219854408070532,34.1044305716479,-2.858109909242404,37.335701266049185,12.29685177140319,-24.671274465863753,26.954844727553326,6.242623801782567,-27.388681171894362,-0.36259962930258965,-20.4429860666519,-0.33060705172333443,-0.2736341082010544,-6.075170338063328,6.470171967752685,0.8358024445004908,37.9470207609842
5.12,0.25625625625625625,-19.93690273513244,-7.5060781293368795,-13.374765264408653,-19.6106331376828,-19.844269790884134,2.2219962965989155,34.10670263497823,-2.8598252962903215,37.33262213966708,12.300264671112219,-24.673407224675337,26.95084037920295,6.246756034537497,-27.393216249300824,-0.3621666884562814,-20.434163241116337,-0.33221183497386886,-0.2737579059231594,-6.079339748145671,6.467366689718371,0.8297629659268313,37.94033184305397
5.14,0.25725725725725723,-19.931888263423843,-7.505070558295816,-13.37100076676633,-19.608082317838875,-19.840973772362787,2.224161905254273,34.10898399466559,-2.8615333984615465,37.32956331531342,12.30359499584831,-24.675567396827315,26.946815660905987,6.250831802214167,-27.397730422824825,-0.36173481100778365,-20.4253396626481,-0.33379555547269624,-0.27388485853280314,-6.08349453428184,6.4646177079293885,0.8237406135606943,37.933692731522086
5.16,0.25825825825825827,-19.926895308085697,-7.504054094518325,-13.367240974723048,-19.605549072630915,-19.83769428598254,2.2263513426033192,34.11127467330852,-2.8632340235071463,37.32652552390901,12.306843928038822,-24.677754888030925,26.94277055259289,6.254850768911087,-27.402223406837468,-0.3613040300216489,-20.4165167675254,-0.33535823052388475,-0.27401492355399965,-6.087634103732564,6.461924469723348,0.8177356735780541,37.927103585477866
5.18,0.25925925925925924,-19.92192421119265,-7.503028864670326,-13.363486488074061,-19.60303361263535,-19.834431319035634,2.2285647131679096,34.11357469664968,-2.864926976939376,37.323509478882514,12.310012659296396,-24.679969599944688,26.938705035675103,6.258812626468982,-27.40669491889867,-0.3608743783012062,-20.40769598747863,-0.3368998790732105,-0.2741480580620251,-6.091757875439159,6.459286403016663,0.8117484175827557,37.920564547474335
5.2,0.2602602602602603,-19.916975303715322,-7.501994993277081,-13.35973789765439,-19.600536135125356,-19.831184858764942,2.2308021174039734,34.115884093653136,-2.8666120619649256,37.320515875521416,12.313102389070508,-24.682211430276592,26.934619093153245,6.2627170940944925,-27.41114467975433,-0.36044588838148606,-20.398878748596495,-0.3384205219700892,-0.2742842187682567,-6.095865280289278,6.456702917287933,0.8057791026724129,37.91407574415078
5.22,0.26126126126126126,-19.912048905598095,-7.500952602695765,-13.355995785221145,-19.598056824125504,-19.827954892331416,2.2330636516865585,34.11820289658048,-2.8682890794161144,37.31754539035323,12.316114323342331,-24.684480272889257,26.93051270972373,6.266563917965146,-27.415572413330825,-0.36001859252260143,-20.390066470246005,-0.3399201822332527,-0.27442336210692053,-6.099955761368268,6.4541734045459735,0.7998279715178211,37.90763728683925
5.24,0.26226226226226224,-19.907145325843846,-7.49990181309371,-13.352260723342697,-19.595595850483424,-19.824741406780884,2.2353494083010523,34.120531141065676,-2.8699578276800666,37.31459868055792,12.319049673362985,-24.68677601790798,26.92638587188367,6.27035287081682,-27.419977846726823,-0.35959252270360426,-20.38126056400835,-0.3413988853188845,-0.2745654443235615,-6.104028774196143,6.4516972402816615,0.793895252455248,37.90124927215429
5.26,0.26326326326326327,-19.902264862605247,-7.498842742432279,-13.348533275294656,-19.59315337195812,-19.82154438901045,2.2376594754406294,34.12286886618876,-2.871618102625888,37.31167638341241,12.321909654435157,-24.689098551831613,26.922238568033976,6.274083751514863,-27.424360710202436,-0.3591677106168346,-20.37246243263276,-0.34285665938996096,-0.27471042156504416,-6.108083786950238,6.449273784402788,0.7879811595909546,37.89491178256533
5.28,0.26426426426426425,-19.89740780328224,-7.497775506456341,-13.344813994962582,-19.590729533324488,-19.818363825734693,2.23999393720997,34.12521611454824,-2.87326969752989,37.30877911576802,12.32469548473796,-24.691447757646177,26.918070788580483,6.277756384610056,-27.42872073716571,-0.35874418766278005,-20.363673469010276,-0.344293535585581,-0.2748582499708892,-6.112120280673593,6.4469023821512605,0.7820858929172965,37.88862488695129
5.3,0.2652652652652653,-19.89257442462529,-7.496700218689281,-13.341103426751369,-19.588324466493617,-19.81519970345185,2.2423528736352782,34.127572932332235,-2.8749124029988873,37.30590747356153,12.327408384194804,-24.69382351494116,26.91388252603303,6.28137061988056,-27.43305766415648,-0.35832198494546075,-20.354895055169372,-0.3457095482891081,-0.27500888576574706,-6.116137749469174,6.444582365002024,0.7762096384397418,37.88238864113692
5.32,0.26626626626626626,-19.887764992844094,-7.495616990433477,-13.337402105501262,-19.5859382906484,-19.812052008410234,2.2447363606806126,34.129939369388396,-2.876546006891619,37.30306203136047,12.33004957338398,-24.696225700028403,26.909673775102352,6.284926331860958,-27.43737123082759,-0.35790113326835576,-20.34612856129518,-0.347104735393992,-0.275162285352807,-6.120135700680031,6.442313051543172,0.7703525683141484,37.87620308841069
5.34,0.26726726726726724,-19.882979763721302,-7.4945259307761605,-13.333710556410441,-19.58357111239392,-19.80892072657502,2.2471444702705416,34.13231547929247,-2.8781702942383305,37.30024334194306,12.332620272491575,-24.698654186063504,26.905444532794707,6.2884234193595026,-27.441661179923493,-0.3574816631308841,-20.33737534477411,-0.34847913856618673,-0.27531840540794034,-6.1241136550555195,6.440093748336785,0.7645148409936359,37.870068260023864
5.36,0.2682682682682683,-19.87821898273102,-7.493427146600564,-13.330029294964127,-19.58122302592213,-19.805805843595607,2.249577270319109,34.13470131941563,-2.879785047158564,37.29745193591339,12.33512170030627,-24.701108843169646,26.901194798504132,6.291861804964637,-27.44592725725624,-0.3570636047254535,-20.32863674926542,-0.3498328035021314,-0.2754772029743726,-6.128071146903739,6.437923750760094,0.7586966013843905,37.863984175670694
5.38,0.26926926926926925,-19.873482885161664,-7.492320742602244,-13.32635882687016,-19.57889411319026,-19.802707344773722,2.2520348247650954,34.13709695099049,-2.8813900447772123,37.2946883213519,12.337555073255494,-24.703589538563783,26.896924574102243,6.295241434541825,-27.450169211678894,-0.35664698793508887,-20.319914103801356,-0.3511657801813151,-0.2756386355576825,-6.132007724230341,6.4358023438266505,0.752897981009747,37.85795084394961
5.4,0.2702702702702703,-19.868771696242906,-7.491206821310458,-13.322699648001004,-19.576584444112342,-19.79962521503243,2.2545171936135473,34.13950243917579,-2.882985063138874,37.29195298350158,12.339921604482356,-24.7060961366851,26.892633864025484,6.2985622767217055,-27.454386795056347,-0.3562318423316502,-20.3112087219172,-0.3524781231125031,-0.2758026612209226,-6.135922948863892,6.433728802987219,0.7471190981818909,37.85196826280538
5.42,0.27127127127127126,-19.864085631276385,-7.490085483114475,-13.319052244342112,-19.574294076763383,-19.796559438886177,2.257024432983529,34.141917853119885,-2.8845698751205746,37.28924638448984,12.34222250296276,-24.708628499325656,26.888322675359767,6.301824322380568,-27.458579762233608,-0.3558181971746502,-20.302521900812632,-0.35376989157275945,-0.27596923867966183,-6.139816396567981,6.4317023949101895,0.7413600581805364,37.846036419952306
5.44,0.27227227227227224,-19.859424895769905,-7.488956826294663,-13.31541709194663,-19.57202305759543,-19.79351000041203,2.2595565951620515,34.14434326602279,-2.886144250342904,37.286568963086125,12.344458972661997,-24.711186485763122,26.883991017922416,6.305027584114082,-27.46274787100152,-0.35540608141067953,-20.29385492054557,-0.3550411498384627,-0.2761383273967474,-6.1436876571402825,6.4297223782413475,0.7356209534379394,37.84015529327853
5.46,0.2732732732732733,-19.854789685574815,-7.487820947058208,-13.311794656896366,-19.56977142166506,-19.790476883222233,2.2621137286641146,34.146778755197076,-2.8877079550796223,37.28392113449515,12.34663221173012,-24.713769952895557,26.87963890434136,6.308172095705216,-27.466890882059964,-0.3549955236734459,-20.285209043259627,-0.3562919674075709,-0.2763098876765907,-6.147536334498793,6.427788004342904,0.7299018637296164,37.83432485123162
5.48,0.27427427427427425,-19.850180187026325,-7.4866779395793115,-13.308185395268985,-19.56753919287156,-19.78746007043821,2.2646958782987907,34.149224402127416,-2.889260752165795,37.28130329018563,12.348743411735361,-24.716378755378102,26.8752663501315,6.3112579115872345,-27.471008558978582,-0.3545865522844336,-20.276585512446147,-0.35752241921245637,-0.2764838807587822,-6.151362046755467,6.425898518011714,0.7242028563701505,37.82854505318568
5.5,0.2752752752752753,-19.845596577086493,-7.485527896043686,-13.304589753111378,-19.565326384205243,-19.784459544666095,2.2673030852412754,34.151680292528866,-2.8908024009045143,37.27871579775412,12.350793756934802,-24.719012745761535,26.87087337376823,6.314285106302626,-27.47510066815497,-0.3541791952541875,-20.267985552241726,-0.3587325858226926,-0.2766602689108454,-6.155164426277512,6.424053158176679,0.7185239864134767,37.822815849790125
5.5200000000000005,0.27627627627627627,-19.841039023489653,-7.484370906697184,-13.301008166419141,-19.563132998005194,-19.78147528797392,2.269935387110809,34.154146516403905,-2.8923326569722634,37.27615900082367,12.352784423581502,-24.72167177463259,26.866459996757992,6.317253773958793,-27.47916697877044,-0.3537734802842246,-20.259410366761973,-0.35992255363723985,-0.2768390155199442,-6.158943119736576,6.42225115857536,0.7128652968570542,37.81713718330058
5.54,0.2772772772772773,-19.83650768489002,-7.483207059898368,-13.297441061122129,-19.560959026225873,-19.77850728187054,2.2725928180543797,34.15662316809823,-2.893851272322982,37.27363321897689,12.354716579267262,-24.72435569075596,26.862026243705916,6.320164027681289,-27.483207262743324,-0.3533694347695752,-20.250861139472153,-0.36109241506553963,-0.2770200851833643,-6.162697788146107,6.420491748409869,0.7072268188493437,37.811508987892076
5.5600000000000005,0.2782782782782783,-19.832002711011278,-7.482036442174844,-13.293888853076009,-19.55880445071184,-19.77555550728637,2.2752754088360985,34.159110346355334,-2.895357995090894,37.271138747722745,12.356591382300177,-24.727064341217886,26.857572142380423,6.323015999065377,-27.48722129467984,-0.3529670858019544,-20.242339032595268,-0.36224226869709053,-0.2772034437975926,-6.166428106887147,6.418774152982134,0.7016085719000269,37.805931189955025
5.58,0.27927927927927926,-19.82752424279795,-7.480859138283154,-13.290351948059758,-19.55666924348004,-19.772619944556,2.277983186932136,34.161608154369866,-2.8968525694921494,37.26867585849658,12.358409981116129,-24.72979757157128,26.8530977237748,6.325809837626615,-27.49120885182257,-0.35256646017356325,-20.233845186557964,-0.3633722194591425,-0.27738905864582764,-6.170133765722841,6.417097594308681,0.6960105640924186,37.80040370837434
5.6000000000000005,0.2802802802802803,-19.823072412568298,-7.479675231272044,-13.286830741779047,-19.554553367008946,-19.769700573402755,2.280716176631104,34.16411669983983,-2.8983347357253484,37.26624479869269,12.360173513723344,-24.732555225982257,26.848603022165694,6.3285457102511895,-27.495169713996546,-0.3521675843815178,-20.225380719474604,-0.36448237876220607,-0.277576898483759,-6.173814468801948,6.415461291715109,0.690432792297538,37.79492645479211
5.62,0.28128128128128127,-19.818647344168646,-7.478484802548885,-13.283325619875443,-19.55245677453393,-19.76679737292528,2.2834743991397555,34.16663609501761,-2.8998042298709925,37.263845791728585,12.361883107179146,-24.73533714737803,26.844088075168532,6.3312238006466375,-27.499103663552965,-0.3517704846329032,-20.216946726669708,-0.3655728646331365,-0.2777669336234614,-6.177469934651648,6.41386446241042,0.6848752423893258,37.789499333854344
5.64,0.2822822822822823,-19.814249153128856,-7.4772879319490775,-13.279836957941356,-19.550379410348228,-19.763910321586113,2.2862578726938745,34.16916645675989,-2.9012607837899274,37.26147903714024,12.363539877098022,-24.73814317759605,26.839552923789796,6.3338443087936005,-27.503010485310583,-0.35137518685044866,-20.208544280238822,-0.366643801835609,-0.27795913601525685,-6.181099896159938,6.412306322041469,0.6793378894605082,37.78412224344219
5.66,0.2832832832832833,-19.809877946818855,-7.476084697808189,-13.27636512154067,-19.54832121010886,-19.7610393972024,2.289066612674219,34.17170790657646,-2.902704125020829,37.259144710707325,12.36514492719012,-24.740973157534345,26.834997612476187,6.3364074503992045,-27.506889966494768,-0.3509817166788173,-20.200174428647834,-0.36769532197786337,-0.27815347932740625,-6.18470410054792,6.410786085227734,0.6738206980386277,37.7787950748882
5.68,0.28428428428428426,-19.80553382460603,-7.47487517703666,-13.272910466234968,-19.546282101146886,-19.758184576938632,2.29190063172738,34.174260570677944,-2.9041339766767877,37.25684296460758,12.366699348829293,-24.743826927302933,26.830422189160625,6.3389134563526355,-27.510741896674272,-0.35059009949150566,-20.191838196370608,-0.36872756360764697,-0.27834993902350014,-6.1882823093322905,6.409302966076704,0.6683236223017818,37.773517713178094
5.7,0.2852852852852853,-19.80121687801333,-7.473659445196837,-13.269473337615294,-19.54426200278137,-19.755345837301572,2.2947599398914122,34.176824580022526,-2.905550057341038,37.25457392759926,12.36820422064982,-24.746704326376268,26.82582670530509,6.341362572183452,-27.51456606769572,-0.3502003603983443,-20.183536583564738,-0.3697406722943445,-0.2785484924374269,-6.191834298278333,6.407856178680148,0.6628466062936254,37.7682900371386
5.72,0.2862862862862863,-19.79692719087793,-7.472437576582153,-13.266054071339333,-19.542260826636458,-19.75252315413727,2.297644544726091,34.17940007036162,-2.906952080961891,37.25233770523065,12.3696606081709,-24.749605193746618,26.821211215940313,6.343755057523131,-27.51836227361586,-0.34981252425359105,-20.175270565785087,-0.3707348006983308,-0.2787491188458052,-6.195359857343735,6.406444937591572,0.6573895841372134,37.76311191961188
5.74,0.2872872872872873,-19.792664839510348,-7.471209644298223,-13.262652993173976,-19.540278476960978,-19.749716502630214,2.300554451447643,34.181987182284644,-2.908339756746912,37.25013438007556,12.371069563448073,-24.752529368078292,26.816575779702287,6.346091185570336,-27.522130310631564,-0.3494266156646076,-20.167041093734753,-0.37171010862763504,-0.2789517995377778,-6.198858790613538,6.405068458285184,0.6519524802472808,37.757983227617125
5.76,0.2882882882882883,-19.78842989285385,-7.469975720345667,-13.259270419043125,-19.53831485094997,-19.746925857304642,2.3034896630678054,34.18458606126279,-2.9097127890563907,37.24796401199361,12.3724321247507,-24.755476687862636,26.811920458865618,6.348371242560355,-27.525869977007655,-0.3490426590011083,-20.158849093052947,-0.37266676308204977,-0.279156517882071,-6.202330916226522,6.403725957596686,0.6465352095405731,37.7529038224998
5.78,0.28928928928928926,-19.78422241264405,-7.468735875704454,-13.25590665508068,-19.536369839067593,-19.744151192027918,2.306450180537055,34.18719685769199,-2.9110708772961478,37.2458266384143,12.37374931626463,-24.758446991573738,26.807245319373717,6.3505955272391175,-27.52958107300253,-0.3486606784049702,-20.150695464139247,-0.37360493828486524,-0.27936325939123635,-6.2057760662933745,6.402416654146238,0.6411376776438616,37.74787356006921
5.8,0.2902902902902903,-19.780042453568583,-7.467490180419553,-13.252561997688609,-19.534443325370855,-19.741392480016064,2.309436002891855,34.18981972693494,-2.912413715809719,37.24372227464348,12.375022147819225,-24.761440117824737,26.802550430865832,6.352764350342202,-27.53326340079164,-0.3482806978005911,-20.142581082013567,-0.3745248157024493,-0.27957201178299734,-6.209194086806921,6.401139768743947,0.6357597810992974,37.74289229072481
5.82,0.2912912912912913,-19.77589006342673,-7.46623870368771,-13.249236733599973,-19.532535187833638,-19.73864969384134,2.3124471274057665,34.19245482936243,-2.9137409937699554,37.24165091419119,12.37625161463789,-24.76445590552467,26.797835866700943,6.354878034079185,-27.53691676438883,-0.3479027409057829,-20.134506796211145,-0.37542658405193313,-0.2797827650386363,-6.212584837544759,6.399894524778234,0.6304014075667733,37.737959859571994
5.84,0.2922922922922923,-19.7717652832889,-7.464981513945148,-13.245931139946842,-19.530645298670482,-19.735922805441895,2.315483549744268,34.195102330393794,-2.9150523950700746,37.23961252911952,12.37743869711131,-24.767494194035788,26.793101703978532,6.3569369116236825,-27.540540969565587,-0.34752683124318584,-20.126473430711773,-0.3763104392972999,-0.27999551145836427,-6.215948191964605,6.398680148587444,0.6250624360229872,37.73307610652772
5.86,0.2932932932932933,-19.767668147655897,-7.463718678956004,-13.242645484332954,-19.52877352465966,-19.733211786133445,2.3185452641231263,34.197762400536725,-2.9163475982141978,37.23760707040931,12.378584360592548,-24.770554823331253,26.788348023556228,6.358941326609391,-27.544135823768176,-0.347152992152189,-20.11848178390242,-0.3771765846342064,-0.28021024571362746,-6.219284037092655,6.397495869815081,0.6197427369569132,37.72824086641668
5.88,0.29429429429429427,-19.763598684617836,-7.462450265901315,-13.239380024911041,-19.52691972746504,-19.730516606622913,2.321632263470172,34.20043521542641,-2.9176262762073994,37.23563446834446,12.379689555213238,-24.77363763415315,26.783574910064367,6.360891632632427,-27.547701136032757,-0.3467812468013408,-20.110532628572383,-0.37802523046389847,-0.2804269648963125,-6.222592273405296,6.39634092174902,0.6144421725614104,37.7234539690585
5.9,0.2952952952952953,-19.75955691601266,-7.461176341468364,-13.236135010464677,-19.52508376395628,-19.727837237024044,2.3247445395903177,34.20312095586401,-2.918888096445301,37.233694632912474,12.380755215720066,-24.776742468170724,26.778782451917472,6.362788192760227,-27.55123671689843,-0.3464116182012346,-20.10262671193998,-0.3788565943566097,-0.28064566856482265,-6.225872814704458,6.395214541645107,0.6091605969207119,37.71871523934652
5.92,0.2962962962962963,-19.755542857584153,-7.459896971940236,-13.232910680494555,-19.523265486526945,-19.7251736468749,2.3278820833336744,34.20581980785457,-2.920132720603228,37.231787454220154,12.381782261330786,-24.779869168138788,26.773970741322707,6.364631379047256,-27.554742378318306,-0.3460441292178511,-20.09476475570985,-0.3796709010048561,-0.28086635878700583,-6.229125587986923,6.394115971035494,0.6038978561935594,37.714024497318725
5.94,0.2972972972972973,-19.751556519139402,-7.458612223285388,-13.229707265309052,-19.521464743410046,-19.722525805157225,2.3310448847666154,34.20853196264443,-2.921359804524954,37.229912802923046,12.382771595608995,-24.783017578056228,26.76913987428528,6.366421572057744,-27.558217933568574,-0.3456788025863414,-20.08694745615978,-0.3804683821670642,-0.28108904017992553,-6.232350533307901,6.3930444560221185,0.5986537887917622,37.709381558221224
5.96,0.2982982982982983,-19.747597904705597,-7.457322161247082,-13.22652498611897,-19.519681378990708,-19.719893680317604,2.33423293334564,34.21125761675813,-2.9225689981110508,37.22807053066745,12.383724106356954,-24.786187543324512,26.764289950610866,6.368159160395655,-27.561663197155617,-0.34531566092523264,-20.07917548425603,-0.3812492766019863,-0.28131371994647286,-6.235547603639171,6.391999247555688,0.5934282255539787,37.704786232565
5.98,0.29929929929929927,-19.743667012686117,-7.456026851432527,-13.223364055136328,-19.517915234115492,-19.71727724029037,2.3374462180938913,34.21399697203488,-2.923759945206854,37.22626047054379,12.384640665525707,-24.78937891090615,26.75942107390508,6.369844540242071,-27.5650779847212,-0.3449547267510372,-20.071449485796055,-0.3820138299943761,-0.28154040790882884,-6.238716764722088,6.390979601700571,0.588220989914533,37.70023832617623
6.0,0.3003003003003003,-19.739763836015875,-7.4547263594015725,-13.220224675677061,-19.51616614639808,-19.714676452522227,2.3406847277801917,34.21675023566465,-2.924932283490062,37.22448243755002,12.385522129141803,-24.79259152948304,26.754533351570007,6.371478114900144,-27.568462112945742,-0.34459602249324883,-20.0637700815775,-0.3827622948724095,-0.2817691165387922,-6.24185799491575,6.3899847798859515,0.5830318980670982,37.695737640240814
6.0200000000000005,0.3013013013013013,-19.73588836231578,-7.453420750754814,-13.217107042267521,-19.514433950520946,-19.712091283998458,2.3439484511004522,34.21951762022397,-2.9260856443579706,37.22273622906398,12.386369337249922,-24.79582524961461,26.74962689479783,6.373060294347777,-27.57181539944973,-0.3442395705097045,-20.056137867592312,-0.3834949305173483,-0.28199986098499874,-6.244971285040634,6.389014049143648,0.5778607591230904,37.69128397134347
6.04,0.3023023023023023,-19.732040574046344,-7.452110091220974,-13.214011340754611,-19.512718478532683,-19.709521701270784,2.3472373768613255,34.22229934371138,-2.927219652814352,37.22102162532342,12.38718311387073,-24.79907992389571,26.744701818561634,6.3745914947981355,-27.575137662693244,-0.34388539310229493,-20.04855341524488,-0.3842120028659519,-0.2822326590970634,-6.248056638217958,6.388066682332951,0.5727073752646346,37.686877111501964
6.0600000000000005,0.3033033033033033,-19.72822044866032,-7.450794446743427,-13.21093774841945,-19.51101956014076,-19.70696767048668,2.350551494165967,34.225095629582704,-2.9283339273559794,37.21933838991257,12.3879642669733,-24.802355407114188,26.73975824160335,6.376072138268121,-27.578428721873696,-0.3435335125330034,-20.041017271592942,-0.3849137844061499,-0.28246753144668707,-6.251114069705089,6.387141958352866,0.5675715418919781,37.68251684819683
6.08,0.30430430430430433,-19.724427958754347,-7.44947388356575,-13.207886434094409,-19.509337022999336,-19.704429157420165,2.353890792601783,34.227906706786115,-2.9294280798587966,37.21768627025417,12.388713588461464,-24.80565155640804,26.734796286418963,6.377502652154882,-27.581688396821725,-0.34318395104025384,-20.033529959610178,-0.3856005540664897,-0.2827045013457739,-6.25414360672726,6.386239162342117,0.5624530477652416,37.67820296439711
6.1000000000000005,0.3053053053053053,-19.720663072219548,-7.448148468316174,-13.204857558283392,-19.507670692991958,-19.701906127503992,2.357255262430036,34.23073280979708,-2.9305017154637265,37.2160649981057,12.389431854173441,-24.808968231422128,26.72981607924094,6.378883468820446,-27.58491650789535,-0.34283673085554867,-20.026091978469235,-0.38627259709987927,-0.2829435948616156,-6.257145288305868,6.38535758586728,0.5573516751404104,37.673935238582395
6.12,0.3063063063063063,-19.716925752391017,-7.446818268090847,-13.201851273285218,-19.50602039450886,-19.699398545863154,2.360644894777191,34.23357417865322,-2.931554432462114,37.21447429005894,12.390119823894167,-24.81230529446437,26.72481775001802,6.3802150251845315,-27.588112875872362,-0.3424918742203769,-20.018703803844083,-0.38693020496213887,-0.2831848408292025,-6.260119165083635,6.3844965270994,0.552267199899483,37.66971344476173
6.140000000000001,0.3073073073073073,-19.713215958196198,-7.445483350535783,-13.19886772331996,-19.50438595071864,-19.696906377349663,2.364059681827894,34.23643105898912,-2.9325858221807937,37.212913848041616,12.390778241379692,-24.815662610661334,26.71980143239229,6.381497762325594,-27.59127732184098,-0.3421494034033734,-20.01136588823046,-0.38757367518587876,-0.28342827086072975,-6.263065299146901,6.383655290979447,0.5471993916747084,37.66553735248965
6.16,0.3083083083083083,-19.70953364430205,-7.444143783927428,-13.195907044658105,-19.502767183834184,-19.69442958657853,2.367499617019457,34.23930370207117,-2.933595468866768,37.21138335982025,12.391407834393082,-24.819040048113198,26.71476726367374,6.382732125090126,-27.594409667088843,-0.3418093407177093,-20.00407866128332,-0.38820331125021074,-0.2836739193523721,-6.265983763845296,6.382833189372949,0.542148013966851,37.6614067268797
6.18,0.30930930930930933,-19.705878761261005,-7.442799637251738,-13.19296936575238,-19.50116391537256,-19.69196813796487,2.370964695237763,34.242192364832476,-2.934582949571484,37.20988249950321,12.392009314751261,-24.822437478047977,26.709715384812185,6.383918561710244,-27.597509732990297,-0.34147170853869513,-19.996842530170053,-0.3888194224467985,-0.28392182348840606,-6.26887464360906,6.382029541214152,0.5371128242574398,37.65732132861591
6.2,0.3103103103103103,-19.702251255655682,-7.441450980281705,-13.190054807372125,-19.499575966408827,-19.689521995762114,2.3744549130144765,34.245097309907855,-2.9355478340346877,37.20841092804292,12.39258337838223,-24.825854774974985,26.70464594036675,6.3850575234295786,-27.600577340892062,-0.3411365293215771,-19.98965787993842,-0.38942232374274116,-0.2841720232427641,-6.271738033764265,6.38124367264003,0.5320935741149663,37.653280913962455
6.22,0.3113113113113113,-19.698651070242278,-7.440097883653243,-13.187163482740049,-19.498003157823515,-19.687091124101183,2.3779702687254636,34.248018805668984,-2.936489684567843,37.206968293736566,12.39313070539214,-24.829291816837465,26.69955907847286,6.386149464137439,-27.603612311997285,-0.34080382561950784,-19.98252507389803,-0.3900123356407763,-0.28442456137810923,-6.274574040346178,6.380474917114481,0.5270900092950068,37.64928523477183
6.24,0.3123123123123123,-19.695078144092648,-7.4387404189393855,-13.18429549767123,-19.496445310543763,-19.684675487030663,2.3815107627903376,34.250957126259756,-2.9374080559370865,37.20555423272411,12.393651960141689,-24.832748485164316,26.694454950806847,6.38719484001127,-27.606614467247987,-0.34047362010167337,-19.975444454014283,-0.3905897840372781,-0.2846794834425242,-6.277382779911005,6.379722615543014,0.522101869834257,37.64533403849186
6.26,0.3133133133133133,-19.69153241273503,-7.437378658722726,-13.181450950714222,-19.49490224577791,-19.682275048557837,2.3850763978730343,34.25391255163187,-2.9383024952457,37.20416836948311,12.39414779133134,-24.83622466522087,26.689333712548212,6.388194109167362,-27.609583627205964,-0.3401459355715579,-19.968416341313684,-0.3911550000785114,-0.28493683776391177,-6.280164379346263,6.378986116378259,0.5171288901384742,37.64142706817183
6.28,0.31431431431431434,-19.688013808293363,-7.43601267666605,-13.178629933294133,-19.49337378524352,-19.679889772690554,2.388667179083339,34.25688536758069,-2.9391725418160752,37.20281031731928,12.394618832094876,-24.83972024615864,26.684195522339575,6.389147731319778,-27.612519611932154,-0.3398207949853286,-19.961441036299515,-0.3917083200155924,-0.2851966754422079,-6.282918975679997,6.378264775716588,0.5121707990643354,37.63756406246796
6.3,0.3153153153153153,-19.684522259625208,-7.434642547581119,-13.175832529857509,-19.49185975138872,-19.677519623479867,2.392283114179285,34.259875865781446,-2.940017727071142,37.20147967885235,12.395065700100798,-24.843235121164028,26.6790405422444,6.390056167447482,-27.615422240864483,-0.339498221470323,-19.954518819376798,-0.3922500850585899,-0.28545905033951174,-6.285646715889082,6.377557957386145,0.5072273199952256,37.63374475564854
6.32,0.3163163163163163,-19.681057692458193,-7.433268347495562,-13.173058818018921,-19.490359967606846,-19.67516456506339,2.3959242137703476,34.26288434382573,-2.9408375744152377,37.20017604649617,12.39548899766112,-24.846769187605833,26.673868937702533,6.390919879469578,-27.61829133269425,-0.33917823834362215,-19.947649951285573,-0.3927806412301845,-0.28572401906823913,-6.288347756706813,6.376865033026596,0.5022981709109811,37.629968877598905
6.34,0.3173173173173173,-19.677620029525013,-7.431890153717844,-13.170308868709078,-19.488874258444298,-19.6728245617093,2.399590491521369,34.26591110525847,-2.941631599114385,37.19889900293273,12.395889311847114,-24.85032234718165,26.668680877483602,6.3917393299286465,-27.621126705241043,-0.33886086913069297,-19.940834673541513,-0.3933003392192905,-0.28599164097740953,-6.291022264430009,6.3761853821608465,0.49738306445162017,37.62623615382644
6.36,0.3183183183183183,-19.67420919069692,-7.430508044900285,-13.167582746324356,-19.48740244980163,-19.670499577860944,2.4032819643571455,34.26895645961521,-2.942399308175949,37.19764812157928,12.39626721461154,-24.853894506062954,26.663476533638356,6.392514981682081,-27.62392817532625,-0.33854613758408336,-19.934073208882943,-0.39380953423502274,-0.28626197813717785,-6.29367041472584,6.375518392259035,0.4924817079751036,37.62254630546592
6.38,0.31931931931931934,-19.670825093115692,-7.429122101100108,-13.164880508877596,-19.485944369127807,-19.668189578181988,2.4069986526676153,34.27202072245998,-2.943140200227652,37.196422967048015,12.396623262916977,-24.857485575038915,26.658256081447988,6.393247297601374,-27.626695558645146,-0.3382340677021556,-19.927365761723358,-0.3943085858613783,-0.2865350953217242,-6.2962923924385645,6.374863458795044,0.4875938036091712,37.61889904928523
6.4,0.3203203203203203,-19.66746765132406,-7.427732403838497,-13.162202208150036,-19.484499845607704,-19.665894527602063,2.410740580513593,34.27510421542349,-2.9438537653959043,37.195223095597825,12.396957998869832,-24.861095469658817,26.653019699371498,6.3939367402792655,-27.629428669637644,-0.337924683747842,-19.92071251860856,-0.3947978579129794,-0.28681105999061646,-6.298888391396395,6.3742199852958095,0.4827190482973117,37.6152940976918
6.42,0.3213213213213213,-19.664136777394585,-7.426339036157654,-13.159547889844257,-19.483068710342767,-19.663614391362866,2.4145077758329934,34.27820726624198,-2.944539485183435,37.19404805557756,12.397271949859615,-24.86472411037308,26.647767568991164,6.394583771744669,-27.63212732135768,-0.3376180102674095,-19.91411364867758,-0.395277718292209,-0.28708994226876045,-6.301458614218668,6.37358738338366,0.477857133838929,37.61173115873969
6.44,0.32232232232232233,-19.66083238105693,-7.424942082675863,-13.156917593737992,-19.481650796524935,-19.661349135064636,2.418300270647502,34.28133020879645,-2.945196832346185,37.19289738786039,12.397565628703125,-24.868371422672777,26.642499874956176,6.395188853185297,-27.634791325341297,-0.33731407210921865,-19.907569304126582,-0.3957485388480493,-0.2873718149250551,-6.304003272123512,6.372965072811942,0.4730077469237733,37.60820993613768
6.46,0.3233233233233233,-19.657554369823565,-7.423541629640532,-13.154311353838692,-19.480245939603833,-19.659098724712983,2.422118101269639,34.28447338315254,-2.945825270769441,37.19177062626883,12.397839533793153,-24.87203733722763,26.63721680492449,6.395752444677882,-27.637420491473442,-0.33701289444246474,-19.901079620674953,-0.396210695236914,-0.2876567533498675,-6.306522584736188,6.3723524814941745,0.4681705691607139,37.6047301292584
6.48,0.32432432432432434,-19.654302649113813,-7.422137764979241,-13.15172919853871,-19.478853977447276,-19.656863126766034,2.4259613085101805,34.28763713560091,-2.946424255343179,37.190667297990004,12.398094149251358,-24.875721790022393,26.631918549502966,6.3962750049259025,-27.640014627853517,-0.3367145027758879,-19.894644718032882,-0.3966645667857465,-0.28794483553144545,-6.309016779898278,6.371749045526938,0.46334527710093626,37.60129143314852
6.5,0.3253253253253253,-19.651077122376307,-7.4207305783487945,-13.149171150770993,-19.47747475049515,-19.65464230818182,2.4298299378858954,34.29082181869821,-2.9469932318366,37.189586923980926,12.398329945084964,-24.87942472249156,26.626605302185865,6.396756991004707,-27.64257354065969,-0.336418922976441,-19.888264700369696,-0.3971105363576352,-0.28823614203138276,-6.3114860934779005,6.371154209206749,0.45853154225565007,37.59789353854031
6.5200000000000005,0.3263263263263263,-19.647877691209782,-7.4193201611822825,-13.14663722816514,-19.476108101906732,-19.65243623646588,2.433724039827564,34.29402779130863,-2.9475316367718287,37.18852901936331,12.398547377346944,-24.883146081652388,26.62127725929172,6.397198858113929,-27.645097034012014,-0.3361261812879043,-19.88193965678228,-0.3975489902201778,-0.288530755959253,-6.313930769181092,6.37056742504111,0.4537290311084037,37.59453613186445
6.54,0.32732732732732733,-19.6447042554822,-7.417906606734179,-13.144127443203743,-19.474753877701527,-19.650244879719057,2.4376436698882458,34.297255418645975,-2.9480388972967586,37.187493093807795,12.39874688829937,-24.886885820236095,26.615934619898706,6.397601059337096,-27.647584909834393,-0.3358363043494358,-19.875669661762977,-0.39798031791680716,-0.28882876294652526,-6.316351058364538,6.369988153753967,0.44893740512210367,37.591218895264284
6.5600000000000005,0.3283283283283283,-19.641556713448217,-7.416490010123477,-13.141641803378858,-19.473411926893714,-19.64806820668541,2.4415888889517627,34.30050507231641,-2.9485144310570295,37.18647865190727,12.39892890657961,-24.89064389681725,26.61057758577852,6.397964045408304,-27.65003696771539,-0.3355493192140487,-19.869454775666345,-0.3984049121412704,-0.28913025111987634,-6.318747219849788,6.369415864285747,0.4441563207408446,37.58794150661151
6.58,0.32932932932932935,-19.63843496186497,-7.415070468374902,-13.139180311348532,-19.472082101620277,-19.645906186800232,2.445559763441377,34.3037771303617,-2.948957646067119,37.185485193539094,12.399093847369086,-24.89442027594121,26.605206361328857,6.39828826448585,-27.65245300476795,-0.3352652533670061,-19.863295045174215,-0.39882316861543465,-0.28943531107400927,-6.321119519739107,6.368850033788193,0.43938542938665875,37.584703639523454
6.6000000000000005,0.3303303303303303,-19.635338896106163,-7.4136480804582074,-13.136742965093248,-19.470764257262925,-19.643758790238145,2.4495563655286334,34.30707197730303,-2.9493679405805415,37.18451221421606,12.399242112564284,-24.898214928249633,26.599821153504543,6.398574161932709,-27.654832815488028,-0.3349841347441253,-19.857190503758503,-0.39923548597057223,-0.28974403584408903,-6.323468231233099,6.368290147614172,0.4346243774513018,37.58150496338185
6.62,0.3313313313313313,-19.63226841027445,-7.412222947325594,-13.134329758072202,-19.46945825256392,-19.64162598796121,2.453578773342346,34.31039000418539,-2.9497447029591513,37.18355920542596,12.399374090949756,-24.90202783060389,26.594422171747368,6.398822180103728,-27.6571761916122,-0.33470599174998394,-19.851141172141304,-0.3996422656322594,-0.2900565208779024,-6.325793634450245,6.367735699302639,0.4298728062831936,37.578345143353246
6.640000000000001,0.33233233233233234,-19.62922339731213,-7.410795171947266,-13.131940679379305,-19.468163949735917,-19.639507751767027,2.457627071177705,34.313731608622476,-2.950087311541545,37.18262565495958,12.399490158372828,-24.905858966206402,26.589009627914702,6.399032758139425,-27.659482921974245,-0.33443085327602123,-19.845147058751778,-0.40004391170900433,-0.2903728640078476,-6.328096016248474,6.367186190558929,0.4251303521696407,37.575223840411
6.66,0.3333333333333333,-19.626203749110122,-7.409364859345171,-13.129575713898811,-19.466881214565905,-19.63740405433683,2.4617013497054905,34.317097194842056,-2.9503951345105737,37.181711047227175,12.399590677919763,-24.90970832471979,26.583583736206958,6.399206331766258,-27.66175279236074,-0.33415874871852824,-19.8392081601794,-0.4004408308847006,-0.29069316542285684,-6.330375670048897,6.36664113123055,0.4203966463144698,37.57214071135893
6.68,0.33433433433433435,-19.623209356615195,-7.407932116624943,-13.127234842460476,-19.46560991651344,-19.635314869283494,2.4658017061813657,34.32048717373186,-2.9506675297599743,37.180814863563214,12.399676000093143,-24.91357590238374,26.57814471309393,6.399343333103256,-27.663985585365754,-0.33388970799652207,-19.83332446162317,-0.4008334323149847,-0.2910175276403508,-6.332632895661823,6.366100039278632,0.4156713148112081,37.569095408856576
6.7,0.3353353353353353,-19.62024010993552,-7.406497053006082,-13.124918041994157,-19.464349928803216,-19.63324017119945,2.469928244655244,34.32390196288586,-2.9509038447601355,37.179936582519446,12.399746462990205,-24.917461702129554,26.57269277724012,6.399444190474867,-27.66618108024459,-0.33362376156949886,-19.827495937336415,-0.40122212752755715,-0.2913460554783235,-6.3348679991151595,6.365562440745189,0.4109539786119498,37.5660875814461
6.72,0.3363363363363363,-19.61729589844446,-7.405059779850415,-13.12262528568377,-19.46310112851217,-19.631179935704505,2.4740810761807017,34.327341986650936,-2.9511034164230305,37.17907568014627,12.399802392481924,-24.921365733692276,26.567228149429056,6.399509328229917,-27.66833905276668,-0.33336094045506215,-19.821722551066806,-0.40160733032651164,-0.29167885602765004,-6.3370812924853155,6.365027869716351,0.40624425349205534,37.56311687358077
6.74,0.33733733733733734,-19.614376610882655,-7.403620410688861,-13.120356543120506,-19.461863396651232,-19.629134139493498,2.4782603190244337,34.33080767617386,-2.9512655709663416,37.178231630262445,12.399844102392606,-24.925288013720326,26.561751052486713,6.399539166566541,-27.67045927506764,-0.33310127624642294,-19.816004256491322,-0.40198945670069614,-0.29201603862471015,-6.339273093730702,6.3644958682817,0.4015417500108323,37.560182925655106
6.76,0.3383383383383383,-19.61148213545837,-7.402179061246542,-13.118111780455248,-19.460636618241825,-19.62710276038379,2.482466098875724,34.3342994694486,-2.9513896237768247,37.17740390471314,12.399871894679807,-24.929228565882536,26.556261711204076,6.399534121362961,-27.67254151550053,-0.3328448011297693,-19.810340997645824,-0.40236892473611563,-0.29235771482441203,-6.341443726527923,6.363965986489857,0.3968460734683545,37.55728537403651
6.78,0.33933933933933935,-19.60861235994611,-7.400735849466284,-13.115890960550084,-19.459420682387336,-19.625085777362564,2.4866985490559275,34.33781781136378,-2.951474879272962,37.17659197361642,12.399886059614335,-24.93318742097252,26.55076035225889,6.399494604013987,-27.674585538486365,-0.3325915479015033,-19.804732709349004,-0.4027461545323693,-0.29270399837370203,-6.343593520110754,6.36343778230045,0.3921568238585795,37.55442385109852
6.8,0.34034034034034033,-19.60576717178353,-7.399290895530522,-13.113694043128872,-19.458215482339618,-19.62308317063393,2.4909578107279384,34.34136315375027,-2.951520630766965,37.17579530559822,12.39988687596019,-24.937164617010257,26.54524720413669,6.399421021273117,-27.676591104363904,-0.3323415499853443,-19.799179317620453,-0.40312156812309746,-0.29305500518563926,-6.345722809111981,6.362910821532592,0.3874735958189315,37.55159798525548
6.82,0.34134134134134136,-19.602946458166592,-7.397844321881676,-13.111520984926756,-19.457020915560722,-19.62109492166576,2.4952440331056374,34.3449359554289,-2.951526160326197,37.17501336801598,12.399874611154216,-24.941160199340832,26.539722497051134,6.399313775100096,-27.678557969238764,-0.3320948414492976,-19.793680740092633,-0.4034955894004005,-0.2934108533141108,-6.347831933408196,6.36238467780999,0.3827959785765215,37.548807400998776
6.84,0.34234234234234234,-19.60015010614302,-7.396396253241006,-13.109371739838593,-19.455836883779973,-19.61912101323631,2.499557373663292,34.348536682258015,-2.951490738634105,37.17424562717096,12.399849521485319,-24.945174220730166,26.53418646286373,6.399173262513827,-27.680485884831924,-0.33185145702248875,-19.788236886416573,-0.4038686440431746,-0.29377166292925966,-6.349921237967604,6.361858932502821,0.37812355589118285,37.546051718934365
6.86,0.3433433433433433,-19.597378002704044,-7.394946816626004,-13.107246259066216,-19.45466329304657,-19.617161429480525,2.5038979983449017,34.35216580718098,-2.951413624850748,37.17349154850943,12.39981185227307,-24.949206741457687,26.528639335003,6.398999875450489,-27.682374598327648,-0.3316114321118646,-19.78284765866111,-0.4042411594492956,-0.29413755629369287,-6.35199107270092,6.36133317466646,0.37345590599550677,37.5433305558218
6.88,0.34434434434434436,-19.594630034874413,-7.393496141366345,-13.105144491264456,-19.453500053777823,-19.615216155936086,2.5082660817734577,34.355823810273414,-2.951294066473037,37.17275059681294,12.39976183804553,-24.95325782940578,26.52308134838313,6.398794000626759,-27.68422385222087,-0.331374802818761,-19.77751295170553,-0.4046135646715677,-0.29450865773953305,-6.354041792315416,6.360807000977197,0.3687926015320684,37.54064352461444
6.9,0.34534534534534533,-19.59190608980073,-7.392044359118435,-13.103066382685908,-19.452347080803225,-19.61328517958913,2.512661807460107,34.359511178790015,-2.951131299194811,37.17202223637771,12.399699702716164,-24.957327560145938,26.517512739322175,6.398556019407991,-27.686033384164116,-0.3311416059553402,-19.772232653625437,-0.40498629035733896,-0.29488509364637205,-6.3560737561721785,6.360280015665042,0.36413320948804156,37.53799023450103
6.92,0.34634634634634637,-19.58920605483806,-7.3905916038785895,-13.101011877324346,-19.45120429340444,-19.611368488919652,2.5170853680131873,34.36322840721095,-2.9509245467668794,37.171305931183454,12.399625659759682,-24.961416017021445,26.51193374545988,6.39828630768125,-27.68780292681398,-0.3309118790608994,-19.76700664607185,-0.40535976869167273,-0.29526699242018195,-6.358087328146616,6.359751830443713,0.3594772911274075,37.53537029094841
6.94,0.34734734734734735,-19.586529817634876,-7.38913801199488,-13.098980917056757,-19.45007161535143,-19.609466073946543,2.521536965347113,34.366975997287554,-2.9506730208571965,37.17060114505177,12.399539912386675,-24.96552329122648,26.506344605675157,6.397985235733066,-27.68953220767728,-0.33068566041805403,-19.761834804643282,-0.4057344333439508,-0.2956544844732318,-6.360082876492277,6.359222064437915,0.3548244019209697,37.53278329574534
6.96,0.3483483483483483,-19.583877266216316,-7.387683722177667,-13.096973441783947,-19.448948974934797,-19.607577926272292,2.5260168108910794,34.37075445808729,-2.9503759209113305,37.169907341794264,12.399442653716939,-24.96964948188148,26.500745560003267,6.397653168131797,-27.691220948956868,-0.33046298906879773,-19.75671699925087,-0.4061107194177702,-0.29604770220505666,-6.362060773708014,6.358690344108006,0.3501740914743962,37.53022884704748
6.98,0.34934934934934936,-19.58124828906577,-7.386228875508863,-13.09498938956967,-19.44783630499457,-19.605704039127286,2.530525125797554,34.374564306037705,-2.9500324340134214,37.169223985350776,12.399334066951328,-24.973794696104655,26.4951368495528,6.397290463614482,-27.69286886739722,-0.33024390483044425,-19.75165309447637,-0.40648906340398355,-0.29644677998451857,-6.3640213964085195,6.358156303172133,0.34552590345451917,37.52770653942331
7.0,0.35035035035035034,-19.5786427752048,-7.384773615449939,-13.093028696778243,-19.446733542945502,-19.603844407413742,2.5350621411505196,34.378406064969305,-2.9496417347478383,37.16855053991775,12.399214325542061,-24.977959049079438,26.48951871642245,6.396897474978059,-27.69447567412985,-0.33002844831145417,-19.74664294992309,-0.4068699031367196,-0.2968518541329949,-6.36596512519828,6.357619582525937,0.3408793755141298,37.525215963901005
7.0200000000000005,0.35135135135135137,-19.576060614271434,-7.383318087848713,-13.0910912982106,-19.44564063079908,-19.601999027749212,2.5396280981734254,34.38228026615709,-2.9492029850617625,37.16788647006715,12.39908359336135,-24.982142664117738,26.483891403617683,6.396474548974852,-27.696041074518643,-0.3298166609271516,-19.741686420559613,-0.40725367775221,-0.29726306290872495,-6.367892344548957,6.357079830159912,0.33623403921551753,37.52275670801618
7.04,0.35235235235235235,-19.573501696596807,-7.381862440944934,-13.08917712723877,-19.44455751518236,-19.60016789850966,2.5442232484368046,34.38618744836061,-2.94871533412895,37.167231240856076,12.39894202486827,-24.98634567271881,26.47825515496733,6.396022026212198,-27.697564768005122,-0.3296085849153357,-19.7367833570564,-0.4076408276502338,-0.2976805464923405,-6.36980344268022,6.356536701074493,0.3315894199530124,37.520328355860485
7.0600000000000005,0.3533533533533533,-19.570965913280197,-7.380406825374682,-13.087286115938726,-19.443484147353793,-19.598351019872116,2.5488478540655053,34.39012815786226,-2.9481779182149492,37.16658431792736,12.398789765273754,-24.990568214623558,26.472610215040127,6.395540241056117,-27.69904644795382,-0.32940426335179174,-19.73193360611516,-0.4080317944579816,-0.2981044469736008,-6.371698811444047,6.355989857192965,0.32694503687479975,37.51793048813087
7.08,0.35435435435435436,-19.568453156262432,-7.378951394173617,-13.085418195221589,-19.442420483216164,-19.596548393856857,2.5535021879454813,34.394102948503644,-2.9475898605440736,37.16594516760148,12.398626950703665,-24.99481043786407,26.46695682906133,6.395029521538908,-27.70048580149776,-0.32920374016570786,-19.727137010791086,-0.40842702099612815,-0.2985349083393476,-6.373578846212494,6.3554389672722635,0.3223004028042897,37.515562682179606
7.1000000000000005,0.35535535535535534,-19.56596331839773,-7.37749630277907,-13.08357329496315,-19.44136648332679,-19.59476002436913,2.5581865339300798,34.39811238171975,-2.946950271168451,37.16531325695994,12.398453708359822,-24.99907249880818,26.46129524282935,6.39449018927058,-27.70188250938418,-0.32900706015500253,-19.722393410807896,-0.4088269512468911,-0.2989720764626909,-6.375443945768934,6.3548837068117505,0.31765502416133456,37.51322451206483
7.12,0.3563563563563564,-19.563496293523944,-7.376041709031007,-13.081751344131701,-19.4403221129051,-19.592985917240373,2.5629011870457568,34.40215702657065,-2.9462582468395047,37.16468805392052,12.398270156678942,-25.003354562198812,26.455625702632528,6.393922559354002,-27.703236245820595,-0.3288142690015693,-19.717702642865753,-0.4092320303238422,-0.29941609909342987,-6.377294512202771,6.354323757960027,0.31300840088360227,37.510915548601716
7.140000000000001,0.35735735735735735,-19.561051976531246,-7.374587773171872,-13.079952270914136,-19.439287341837776,-19.591226080268928,2.5676464536971464,34.40623745977049,-2.9455128708822484,37.16406902730461,12.398076405489418,-25.007656801187924,26.44994845516607,6.393326940303689,-27.704546678321275,-0.32862541328644446,-19.713064540942057,-0.4096427044432252,-0.2998671258497096,-6.379130950807603,6.353758809419871,0.30836002634842613,37.508635359414065
7.16,0.35835835835835833,-19.558630263429286,-7.373134657845311,-13.078176002840312,-19.4382621446815,-19.589480523260246,2.5724226518714013,34.410354265713444,-2.9447132130728053,37.163455646896956,12.397872556165874,-25.01197939736475,26.44426374744919,6.3927036339681145,-27.70581346755427,-0.3284405405049041,-19.70847893658517,-0.41005942089652425,-0.3003253082109079,-6.380953669982838,6.353188556351358,0.30370938729546837,37.50638350898636
7.18,0.35935935935935936,-19.5562310514128,-7.371682528093783,-13.076422466905656,-19.437246500663523,-19.587749258066534,2.5772301113417106,34.41450803649638,-2.943858329519594,37.16284738349808,12.397658701781447,-25.016322540778123,26.438571826742503,6.392052935455472,-27.707036267189107,-0.328259699081497,-19.70394565920112,-0.4104826280240142,-0.3007907995117417,-6.382763081138716,6.352612700273243,0.29905596375054877,37.50415955871616
7.2,0.36036036036036034,-19.55385423892572,-7.370231551355068,-13.074691589691998,-19.43624039368013,-19.586032298625845,2.5820691738698978,34.41869937193782,-2.9429472625486603,37.1622437089698,12.39743492725775,-25.02068642995257,26.43287294046569,6.3913751330627875,-27.708214723745225,-0.32808293838501923,-19.699464536333316,-0.41091277518901304,-0.30126375493757623,-6.384559598604737,6.35203094896266,0.29439922895100806,37.5019630669668
7.22,0.3613613613613614,-19.551499725723772,-7.36878189745765,-13.072983297486608,-19.435243812293127,-19.584329661000595,2.586940193407987,34.422928879592945,-2.9419790405936688,37.161644096273946,12.397201309512468,-25.02507127189792,26.427167336115513,6.390670508208305,-27.709348476441377,-0.3279103087434379,-19.695035393935335,-0.4113503127525458,-0.301744331520916,-6.386343639541433,6.351443016353216,0.289738649272993,37.499793589120344
7.24,0.36236236236236236,-19.54916741293564,-7.367333738614988,-13.071297516399452,-19.43425674972448,-19.582641363415462,2.5918435362986214,34.427197174764224,-2.940952678091101,37.16104801950483,12.396957917604563,-25.029477282112115,26.421455261184207,6.38993933536706,-27.71043715704603,-0.32774186145876916,-19.690658056636856,-0.41179569204811645,-0.30223268813904985,-6.388115623855468,6.350848622431543,0.2850736841610687,37.49765067763073
7.26,0.36336336336336333,-19.546857203122624,-7.3658872494186545,-13.069634172478628,-19.433279203849217,-19.580967426294674,2.5967795814741974,34.4315048805073,-2.9398671753812513,37.16045495391562,12.39670481287705,-25.033904684576864,26.415736963078245,6.389181882009574,-27.711480389728997,-0.3275776488219177,-19.68633234800279,-0.4122493653562736,-0.3027289855128174,-6.389875974117997,6.35024749313236,0.28040378606058575,37.4955338820771
7.28,0.36436436436436437,-19.544569000336903,-7.364442606830325,-13.067993191823986,-19.43231117718669,-19.579307872298642,2.6017487206545806,34.43585262763172,-2.9387215186156546,37.15986437593897,12.396442049097327,-25.03835371174587,26.41001268903759,6.38839840854358,-27.712477790914406,-0.32741772412748366,-19.682058090785667,-0.4127117858786429,-0.30323338620645846,-6.391625115486251,6.349639360232131,0.27572840035324786,37.49344274921716
7.3,0.36536536536536535,-19.542302710178348,-7.362999990172613,-13.066374500698938,-19.43135267689032,-19.577662726359932,2.606751358543242,34.440241054696095,-2.937514679671611,37.15927576320238,12.39616967259504,-25.042824604525215,26.404282686055375,6.387589168258744,-27.7134289691352,-0.3272621416885426,-19.67783510717137,-0.41318340771108825,-0.3037460546285006,-6.39336347562827,6.349023961241355,0.2710469652963516,37.49137682304069
7.32,0.3663663663663664,-19.540058239849948,-7.361559581118709,-13.064778025640434,-19.430403714735906,-19.57603201571851,2.6117879130216517,34.444670807997255,-2.936245616074537,37.15868859453837,12.395887722397466,-25.047317612245564,26.398547200798152,6.386754407274282,-27.714333524889348,-0.3271109568514052,-19.67366321901826,-0.41366468581565025,-0.30426715703363555,-6.395091484650728,6.348401039295575,0.2663589119661913,37.489335644823015
7.34,0.36736736736736736,-19.53783549821186,-7.3601215636808215,-13.063203693567106,-19.42946430710863,-19.5744157699563,2.6168588153417494,34.44914254155287,-2.934913270928902,37.15810234999003,12.39559623036243,-25.051832992625773,26.392806479526644,6.385894364489444,-27.715191050497918,-0.32696422601036085,-19.669542248089776,-0.41415607599089865,-0.30479686152552793,-6.396809575029772,6.3477703430451475,0.2616636642061488,37.487318753178506
7.36,0.3683683683683684,-19.535634395834077,-7.358686124197363,-13.061651431885583,-19.42853447498882,-19.572814021030943,2.6219645103162925,34.45365691707709,-2.9335165728585677,37.1575165108122,12.395295221308727,-25.056371011727503,26.387060768017083,6.3850092715368065,-27.716001129965274,-0.3268220066224121,-19.665472016280578,-0.4146580348403222,-0.3053353380604943,-6.398518181544795,6.347131626543848,0.25696063858001245,37.485325684114
7.38,0.36936936936936937,-19.53345484504779,-7.357253451318869,-13.060121168594971,-19.427614243936556,-19.571226803308814,2.627105456506875,34.458214603948726,-2.9320544359574043,37.15693055946859,12.39498471314407,-25.060931943900407,26.381310311483162,6.384099352738316,-27.71676333884157,-0.3266843572220031,-19.661452345836313,-0.4151710197383668,-0.30588275845198487,-6.400217741215052,6.346484649136365,0.25224924433110113,37.483355971082226
7.4,0.37037037037037035,-19.53129675999537,-7.355823735992593,-13.058612832389498,-19.42670364407525,-19.569654153597178,2.632282126409386,34.46281627917129,-2.9305257597510965,37.15634397962526,12.394664716990585,-25.06551607171741,26.37555535449862,6.383164825064057,-27.71747724408777,-0.3265513374357474,-19.65748305956705,-0.4156954887937191,-0.3064392963757931,-6.401908693239022,6.345829175344752,0.24752888334779347,37.48140914503508
7.42,0.3713713713713714,-19.529160056679107,-7.35439717144574,-13.057126352759315,-19.42580271007423,-19.568096111175503,2.6374950066366645,34.46746262732451,-2.928929429171125,37.15575625614079,12.394335237307857,-25.07012368589965,26.369796140920474,6.382205898093706,-27.71814240394345,-0.3264230079971588,-19.653563981054468,-0.416231900809419,-0.30700512737591357,-6.403591478936424,6.345164974753886,0.2427989501360985,37.47948473447684
7.44,0.37237237237237236,-19.5270446530086,-7.352973953167294,-13.055661660089475,-19.42491148113041,-19.566552717825886,2.642744598098087,34.47215434050651,-2.92726431454196,37.15516687505348,12.393996272013553,-25.074755085230525,26.364032913812963,6.381222773980639,-27.718758367797633,-0.326299430761389,-19.649694934852885,-0.4167807152393707,-0.30758042887096054,-6.405266541692751,6.344491821896011,0.23805883179993287,37.477582265517285
7.46,0.3733733733733734,-19.524950468846924,-7.351554278888375,-13.054218685757062,-19.424030000949173,-19.56502401786253,2.6480314161758067,34.47689211826628,-2.925529271582566,37.154575323566,12.393647812601651,-25.079410576458386,26.358265915372176,6.380215647418671,-27.71932467606293,-0.32618066871997414,-19.645875746684123,-0.4173423921408077,-0.3081653801610547,-6.406934326906224,6.343809496134418,0.23330790802980503,37.47570126192466
7.48,0.3743743743743744,-19.52287742605553,-7.350138348561072,-13.052797362226498,-19.42315831772443,-19.563510058160254,2.6533559908973356,34.481676667525505,-2.9237231414233773,37.15398109002778,12.39328984425832,-25.084090474187278,26.352495386851427,6.379184705611426,-27.719840860053264,-0.32606678601559297,-19.64210624362636,-0.41791739212225215,-0.30876016243507765,-6.4085952819370275,6.343117781546323,0.22854555110064295,37.47384124517859
7.5,0.37537537537537535,-19.520825448537888,-7.348726364335685,-13.051397623143007,-19.422296484118018,-19.56201088818196,2.6587188671041497,34.48650870248936,-2.9218447506399836,37.15338366391561,12.392922345975473,-25.088795100755164,26.346721568487393,6.378130128244306,-27.7203064418655,-0.32595784795683774,-19.638386254296936,-0.41850617628649506,-0.30936495877818826,-6.4102498560586865,6.3424164668050125,0.22377112587953804,37.47200173452285
7.5200000000000005,0.3763763763763764,-19.518794462281946,-7.347318530536312,-13.050019403424251,-19.42144455723844,-19.560526560005044,2.664120604615969,34.491388944545314,-2.919892911304814,37.15278253581278,12.39254529066206,-25.093524786099078,26.340944699427023,6.377052087459088,-27.720720934265298,-0.32585392103299904,-19.634715609029254,-0.4191092061681069,-0.3099799541794873,-6.411898500411444,6.341705345061322,0.2189839898442177,37.47018224701805
7.54,0.37737737737737737,-19.516784395401356,-7.345915053634693,-13.048662639350134,-19.420602598619,-19.55905712834667,2.6695617783903374,34.49631812214936,-2.9178664210581964,37.15217719738711,12.39215864525314,-25.09827986760654,26.335165017655235,6.375950747831125,-27.721083840577524,-0.32575507292886374,-19.631094140043732,-0.41972694366497404,-0.31060533553971037,-6.413541667957477,6.340984213824503,0.21418349311309917,37.46838229759431
7.5600000000000005,0.3783783783783784,-19.51479517817553,-7.344516142222244,-13.047327268650765,-19.419770674195362,-19.557602650587864,2.6750429786771086,34.50129697069887,-2.9157640632002333,37.15156714136835,12.39176237081679,-25.103060689952592,26.329382759923433,6.3748262663491975,-27.721394654581584,-0.3256613725395254,-19.627521681612933,-0.4203598509633408,-0.31124129167882175,-6.4151798134377875,6.340252874842556,0.2093689784878194,37.46660139910381
7.58,0.3793793793793794,-19.512826743088503,-7.343122006980187,-13.046013230592601,-19.41894885428265,-19.556163186796375,2.6805648111674136,34.50632623239119,-2.913584606805016,37.150951861525336,12.391356422658925,-25.10786760492181,26.323598161678866,6.373678792398022,-27.72165286041209,-0.3255728899852049,-19.623998070220857,-0.4210083904558192,-0.31188801334337485,-6.4168133933305915,6.339511133982093,0.20453978150918017,37.464839062373414
7.6000000000000005,0.38038038038038036,-19.51087902486666,-7.341732860647685,-13.04472046606275,-19.41813721355201,-19.554738799748215,2.6861278971366596,34.511406656067315,-2.911326806858778,37.150330852643194,12.390940750426083,-25.112700971214565,26.31781145699481,6.372508467743446,-27.721857932465205,-0.32548969662607874,-19.620523144716437,-0.42167302465181483,-0.31254569321349757,-6.418442865811019,6.338758801107793,0.1996952305274919,37.46309479625728
7.62,0.3813813813813814,-19.508951960515283,-7.340348917987882,-13.043448917651427,-19.417335831006753,-19.553329554947847,2.691732873581077,34.5165389970396,-2.9089894044236617,37.14970361050122,12.390515298206276,-25.117561154236796,26.31202287850163,6.371315426520391,-27.722009335311174,-0.32541186507710995,-19.617096746461282,-0.4223542160797972,-0.31321452590935334,-6.420068690711929,6.337995689961532,0.19483464678834825,37.46136810768957
7.640000000000001,0.38238238238238237,-19.50704548935398,-7.33897039575175,-13.042198529732595,-19.41654478995803,-19.551935520646925,2.6973803933473084,34.521724016902766,-2.9065711268288728,37.14906963185163,12.390080004627965,-25.122448525872578,26.306232657318706,6.370099795223578,-27.72210652361342,-0.3253394692228771,-19.613718719471684,-0.42305242718083136,-0.3138947079969209,-6.421691329485625,6.3372216180412515,0.18995734453491067,37.45965850173732
7.66,0.3833833833833834,-19.505159553050976,-7.337597512639629,-13.040969248542739,-19.415764178000146,-19.550556767861522,2.7030711252544966,34.52696248332715,-2.90407068789106,37.14842841439982,12.389634802957255,-25.127363464238666,26.300441022987254,6.368861692701106,-27.722148942054726,-0.3252725842323946,-19.610388910554864,-0.42376812019276605,-0.3145864379929282,-6.423311245166257,6.3364364064796455,0.18506263112783383,37.457965481653474
7.68,0.3843843843843844,-19.503294095656287,-7.336230489260339,-13.039761022257801,-19.414994086985402,-19.549193370387766,2.708805754208288,34.53225516983335,-2.9014867881658675,37.14777945678639,12.389179621193412,-25.13230635342023,26.294648203404027,6.36760123015095,-27.72213602527099,-0.32521128657391596,-19.60710716943951,-0.42450175702446036,-0.3152899163687683,-6.424928902332679,6.335639879922735,0.18014980718401238,37.4562885489302
7.7,0.38538538538538536,-19.501449063633768,-7.334869548087757,-13.038573801068262,-19.414234612998584,-19.547845404815792,2.714584981306154,34.537602855547256,-2.8988181152326757,37.14712225857156,12.388714382162796,-25.137277583186926,26.28885442475594,6.366318511120474,-27.722067197793084,-0.32515565402971147,-19.603873348900567,-0.42525379911941324,-0.3160053455532162,-6.426544767071504,6.334831866408416,0.17521816673538432,37.454627203352636
7.72,0.3863863863863864,-19.499624405892067,-7.333514913414709,-13.03740753725235,-19.413485856331018,-19.546512950541945,2.72040952393337,34.54300632493438,-2.8960633440146575,37.146456320222285,12.388239003611318,-25.142277548688444,26.283059911455602,6.365013631509031,-27.721941873997377,-0.3251057657108088,-19.60068730487831,-0.42602470730814435,-0.31673292993375796,-6.428159306940114,6.334012197245055,0.17026699740907872,37.452980943052935
7.74,0.38738738738738737,-19.49782007381447,-7.332166811304067,-13.036262185247374,-19.41274792145422,-19.545196089779115,2.72628011584898,34.548466367512525,-2.893221137136349,37.14578114310269,12.387753398295539,-25.147306650128673,26.277264886077784,6.363686679573787,-27.721759458065513,-0.32506170207168456,-19.59754889659161,-0.42681494164865824,-0.3174728758563352,-6.42977299092935,6.333180706890228,0.16529558063025174,37.45134926456499
7.76,0.3883883883883884,-19.496036021287633,-7.330825469536885,-13.035137701719178,-19.41202091699309,-19.543894907565114,2.732197507261009,34.553983777541696,-2.8902901453210426,37.14509622946813,12.387257474072525,-25.15236529241751,26.271469569296787,6.362337735938851,-27.72151934395404,-0.3250235449248928,-19.59445798664544,-0.4276249612543096,-0.3182253916232988,-6.431386289425589,6.33233723282966,0.16030319184900976,37.44973166287971
7.78,0.3893893893893894,-19.494272204729217,-7.329491117557452,-13.034034045629676,-19.411304955698686,-19.542609491769014,2.7381624648901717,34.559559353690126,-2.887269007830396,37.14440108246357,12.386751133988595,-25.157453884799434,26.265674179824792,6.360966873607877,-27.721220915374563,-0.32499137745561485,-19.59141444113253,-0.4284552241083712,-0.31899068748935805,-6.432999674171924,6.331481615456497,0.15528910079287594,37.44812763150109
7.8,0.39039039039039036,-19.492528583114417,-7.328163986415085,-13.032951178302472,-19.41060015442048,-19.54133993309529,2.7441757720212596,34.56519389867529,-2.884156352948747,37.143695206126615,12.38623427636708,-25.162572840457837,26.259878934351118,6.359574157980246,-27.72086354578509,-0.3249652842361125,-19.588418129729153,-0.42930618686459315,-0.3197689756553019,-6.434613618228121,6.330613697950954,0.15025257174631326,37.44653666250317
7.82,0.3913913913913914,-19.490805118001383,-7.326844308702517,-13.031889063486538,-19.40990663407808,-19.54008632508572,2.75023822854136,34.57088821887879,-2.8809507985147143,37.14297810539585,12.385706794895261,-25.167722576094164,26.25408404748244,6.358159646871019,-27.720446598393274,-0.32494535124006574,-19.585468925784937,-0.4301783046330275,-0.32056047025926,-6.4362285959290295,6.32973332616048,0.14519286385887378,37.44495824658799
7.84,0.3923923923923924,-19.489101773555525,-7.325532318490714,-13.03084766741793,-19.409224519632424,-19.538848764118846,2.7563506509640106,34.576643123933884,-2.877650952502765,37.1422492861249,12.3851685787106,-25.172903511480815,26.248289731683958,6.356723390534797,-27.71996942617231,-0.3249316658567735,-19.582566706406727,-0.4310720307503821,-0.3213653873652634,-6.437845082841114,6.328840348480493,0.14010923148360205,37.443391873144684
7.86,0.3933933933933934,-19.48741851657269,-7.324228251259933,-13.029826958879502,-19.40855394005629,-19.53762734940694,2.7625138724383396,34.582459426284466,-2.8742554136575142,37.14150825510289,12.384619512486447,-25.178116068986817,26.242496197221527,6.355265431693703,-27.719431371890263,-0.32492431690519363,-19.579711352536293,-0.43198781653415536,-0.3221839449488539,-6.439463555716727,6.327934615735827,0.13500092454737575,37.441837030309934
7.88,0.3943943943943944,-19.485755316501198,-7.322932343826863,-13.02882690925861,-19.407895028304168,-19.536422182990304,2.7687287427422076,34.58833794071428,-2.870762772183612,37.14075452008172,12.384059476517375,-25.183360673075228,26.236703652104733,6.353785805569657,-27.718831768153642,-0.3249233946477966,-19.576902749021908,-0.4329261110197946,-0.3230163628794832,-6.44108449244577,6.327015981062966,0.12986718895492386,37.44029320502984
7.9,0.39539539539539537,-19.484112145462753,-7.3216448342676514,-13.027847492602758,-19.40724792128134,-19.535233369728772,2.7749961282582993,34.59427948384516,-2.8671716104941685,37.13998758981086,12.383488346804308,-25.188637749771164,26.23091230203094,6.352284539921176,-27.71816993746606,-0.32492899080420573,-19.57414078468362,-0.4338873606801147,-0.3238628628994338,-6.44270837200434,6.326084299793194,0.12470726702831562,37.43875988312346
7.92,0.3963963963963964,-19.48248897827216,-7.320365961836624,-13.026888685673157,-19.406612759812155,-19.534061017290284,2.7813169119320773,34.60028487360295,-2.8634805040207376,37.13920697408015,12.382905995139616,-25.19394772609946,26.22512235033029,6.350761655084917,-27.717445192302915,-0.3249411985645924,-19.571425352372152,-0.43487200912620555,-0.3247236685989825,-6.444335674399951,6.325139429336754,0.11952039798376723,37.43723654934817
7.94,0.3973973973973974,-19.48088579245587,-7.319095966880508,-13.025950467996152,-19.405989688607367,-19.532905236136358,2.787691993210447,34.60635492864992,-2.859688022087976,37.13841218377136,12.382312289192388,-25.199291029490816,26.219333997911683,6.3492171640222095,-27.716656835202933,-0.32496011260279506,-19.56875634902126,-0.4358804967890582,-0.3255990053875215,-6.445966880612923,6.324181229068159,0.11430581844766259,37.435722687467035
7.96,0.3983983983983984,-19.479302568269325,-7.317835090747949,-13.025032821912482,-19.40537885623046,-19.53176613950434,2.7941222879599343,34.61249046778239,-2.855792728856148,37.13760273091888,12.381707092594032,-25.20466808715541,26.21354744320969,6.347651072370834,-27.71580415887765,-0.3249858290891255,-19.56613367569346,-0.43691326058113505,-0.32648910046033863,-6.447602472533481,6.323209560212752,0.109062763013732,37.434217780318384
7.98,0.3993993993993994,-19.47773928871307,-7.316583575694121,-13.024135732624314,-19.404780415062874,-19.530643843386237,2.8006087283631187,34.61869230929224,-2.8517931843347335,37.1367781287805,12.38109026502444,-25.210079325422843,26.20776288213248,6.346063378502326,-27.71488644633972,-0.3250184457028257,-19.563557237618955,-0.43797073353711596,-0.32739418276075294,-6.449242932894104,6.322224285734653,0.10379046484337622,37.43272130988786
8.0,0.40040040040040037,-19.47619593954759,-7.315341664780206,-13.02325918824001,-19.404194521267968,-19.52953846650396,2.807152262792007,34.624961270291045,-2.847687945470444,37.13593789191864,12.38046166229889,-25.215525169047364,26.201980508010667,6.344454073585093,-27.713902971051173,-0.3250580616441338,-19.56102694422759,-0.43905334443305644,-0.32831448293728976,-6.450888745196673,6.321225270226227,0.0984881563111624,37.43123275738307
8.02,0.4014014014014014,-19.47467250930687,-7.31410960176753,-13.022403179816566,-19.403621334753673,-19.52845013028086,2.813753855656983,34.6312981659956,-2.8434755673130017,37.135081536292894,12.379821136455925,-25.22100604047732,26.19620051154715,6.342823141653647,-27.71285299709268,-0.32510477764591666,-19.558542709173686,-0.4401615173832051,-0.3292502332955728,-6.45254039363389,6.320212379799197,0.0931550696975518,37.42975160331117
8.040000000000001,0.4024024024024024,-19.47316898931063,-7.312887631006137,-13.021567701399658,-19.403061019133634,-19.527378958809273,2.8204144872299017,34.63770380897356,-2.839154604262089,37.134208579364504,12.379168535846423,-25.226522359087742,26.190423080767918,6.341170559684284,-27.711735779354903,-0.3251586959848218,-19.556104450353573,-0.4412956714137422,-0.3302016677445995,-6.4541983630044815,6.319185481977557,0.0877904379309482,37.42827732755953
8.06,0.4034034034034034,-19.471685373675182,-7.311675997317555,-13.020752750061236,-19.402513741686736,-19.526325078814004,2.827135153439843,34.644179008347876,-2.8347236113988874,37.133318540213445,12.378503705224066,-25.232074540375056,26.184648400973824,6.339496297677546,-27.710550563753156,-0.3252199204919003,-19.55371208991557,-0.44245622001272117,-0.3311690217370606,-6.455863138621657,6.318144445592419,0.08239349538117502,37.42680940947987
8.08,0.4044044044044044,-19.47022165932291,-7.310474945871544,-13.019958325934597,-19.401979673314873,-19.525288619611466,2.833916865639982,34.65072456895894,-2.8301811459056507,37.132410939668894,12.377826485837472,-25.23766299511292,26.17887665469333,6.337800318747825,-27.70929658746649,-0.32528855656264793,-19.5513655542623,-0.44364357065551663,-0.3321525322033523,-6.457535206214267,6.317089140678958,0.07696347870650305,37.42534732797597
8.1,0.40540540540540543,-19.468777845990246,-7.309284722056575,-13.019184432246849,-19.40145898849876,-19.524269713064307,2.8407606503439724,34.657341290483174,-2.8255257685767545,37.131485300453775,12.377136715524212,-25.243288128468173,26.173108021636217,6.336082579220473,-27.707973079202507,-0.3253647111664089,-19.549064774045036,-0.44485812430511856,-0.33315243747892687,-6.459215051820109,6.3160194383756005,0.07149962775635346,37.423890561595336
8.120000000000001,0.4064064064064064,-19.4673539362342,-7.308105571343811,-13.018431075348701,-19.400951865251667,-19.523268493531322,2.8476675489301786,34.664029966506895,-2.820756045424644,37.13054114734418,12.376434228806964,-25.248950339076018,26.167342678648275,6.334343028736812,-27.7065792594891,-0.3254484928550837,-19.546809684149878,-0.4461002748866416,-0.33416897722461475,-6.4609031616707995,6.314935210825625,0.06600118653179347,37.4224385886251
8.14,0.4074074074074074,-19.465949935437294,-7.306937739144334,-13.017698264741483,-19.400458485070853,-19.522285097812453,2.8546386173120384,34.67079138355448,-2.815870549384066,37.129578007344364,12.375718856992066,-25.254650018073512,26.16158079966698,6.332581610367449,-27.705114340994463,-0.3255400117710784,-19.544600223675527,-0.44737040873546846,-0.33520239233954796,-6.462600022067627,6.313836331081349,0.060467404205923454,37.4209908871924
8.16,0.4084084084084084,-19.464565851810885,-7.3057814706594,-13.016986013101308,-19.399979032886538,-19.52131966508861,2.8616749255727822,34.677626320069635,-2.810867862117911,37.12859540987813,12.37499042827071,-25.26038754809057,26.155822555678117,6.330798260734314,-27.703577528876654,-0.3256393796544306,-19.542436335902387,-0.4486689040184933,-0.336252924866307,-6.464306119247765,6.312722673011075,0.05489753620622196,37.41954693536962
8.18,0.4094094094094094,-19.46320169639683,-7.304637010723454,-13.016294336300275,-19.39951369700819,-19.52037233685615,2.8687775575626695,34.68453554534896,-2.8057465759279094,37.12759288699744,12.374248767823072,-25.266163302197725,26.150068114673434,6.328992910141843,-27.701968021164124,-0.3257467098490426,-19.540317968252726,-0.4499961301279919,-0.3373208178879075,-6.466021939240243,6.311594111208966,0.049290845360868626,37.418106211284666
8.2,0.41041041041041043,-19.461857483067384,-7.303504603639674,-13.015623253424623,-19.399062669067927,-19.519443256855755,2.8759476104568593,34.69151981842678,-2.8005052957733203,37.12656997360896,12.373493697925618,-25.27197764280996,26.144317641609227,6.327165482717776,-27.700285009168535,-0.32586211730794834,-19.53824507224164,-0.4513524470477116,-0.3384063154162391,-6.4677479677110234,6.310450520908057,0.04364660311100157,37.416668193236816
8.22,0.4114114114114114,-19.460533228523296,-7.302384493007801,-13.014972786789706,-19.39862614396082,-19.518532570995507,2.8831861942719748,34.698579886910586,-2.7951426414006044,37.12552620771944,12.372725038061878,-25.277830920546062,26.138571298365967,6.325315896564,-27.69852767793132,-0.3259857185975401,-19.536217603418503,-0.4527382046908525,-0.3395096622715628,-6.469484689796554,6.309291777896586,0.03796409079078576,37.415232359818255
8.24,0.4124124124124124,-19.459228952290005,-7.30127692154401,-13.01434296195169,-19.398204319781833,-19.51764042726787,2.8904944313393703,34.7057164857663,-2.789657249586917,37.124461130700695,12.371942605036981,-25.283723473042972,26.13282924370889,6.323444063917939,-27.69669520670538,-0.3261176319006726,-19.534235521298644,-0.45415374220969623,-0.34063110395267365,-6.471232589925136,6.308117758437851,0.032242600977068124,37.41379819004175
8.26,0.4134134134134134,-19.45794467671186,-7.3001821308925825,-13.013733807715864,-19.397797397759202,-19.516766975660435,2.8978734557330674,34.712930336052786,-2.7840477765000404,37.123374287575054,12.371146213096202,-25.289655623724837,26.127091633249602,6.321549891324949,-27.694786769473385,-0.3262579770185626,-19.5322987892849,-0.4555993872767378,-0.34177088649732973,-6.4729921516254505,6.306928339193789,0.026481438910273984,37.41236516347481
8.28,0.4144144144144144,-19.456680426944292,-7.299100361429155,-13.013145356141399,-19.397405582183946,-19.515912368060107,2.9053244126502795,34.720222143605255,-2.7783129001771476,37.12226522732211,12.370335674047833,-25.295627680526476,26.1213586194087,6.319633279822219,-27.6928015355041,-0.32640687537139584,-19.5304073745788,-0.45707545533728283,-0.3429292563325516,-6.47476385732157,6.305723397152505,0.020679923988054225,37.41093276038061
8.3,0.41541541541541543,-19.45543623094382,-7.298031852055305,-13.012577642542462,-19.397029080335287,-19.515076758150553,2.9128484577424087,34.72759259766718,-2.772451323124499,37.12113350320755,12.36951079739067,-25.301639934571206,26.11563035137941,6.317694125134678,-27.69073866994823,-0.32656444999755113,-19.52856124808097,-0.4585822488335925,-0.3441064601143932,-6.476548188113788,6.30450280955997,0.014837391333023696,37.40950046186612
8.32,0.4164164164164164,-19.45421211945584,-7.296976839984256,-13.012030705485545,-19.39666810240169,-19.514260301302638,2.9204467563943672,34.73504236947063,-2.766461775039862,37.119978673134995,12.368671390446373,-25.307692658803113,26.109906975092258,6.315732317883408,-27.688597334475226,-0.32673082555134547,-19.52676038428052,-0.46012005640079323,-0.3453027445567918,-6.4783456235446035,6.303266453856098,0.00895319343573418,37.40806775003773
8.34,0.4174174174174174,-19.453008126000032,-7.29593556051749,-13.011504586782827,-19.39632286139723,-19.513463154457654,2.92812048295004,34.74257211076501,-2.760343015659069,37.11880030002161,12.367817258497023,-25.31378610657397,26.10418863318079,6.313747743807069,-27.686376687952464,-0.32690612829920296,-19.525004761133058,-0.46168915203491,-0.3465183562491046,-6.48015664134918,6.302014207615466,0.0030267018737999895,37.406634108164745
8.36,0.4184184184184184,-19.451824286853352,-7.294908246812063,-13.010999331481475,-19.395993573072985,-19.512685476003067,2.935870819881698,34.750182452294595,-2.754093837727714,37.117597952198324,12.366948204928159,-25.319920510185305,26.098475464948347,6.311740283996845,-27.684075887168312,-0.32709048611414443,-19.523294359926936,-0.46328979423354316,-0.3477535414619479,-6.481981717189625,6.3007459484928745,-0.0029426908921615733,37.40519902085115
8.38,0.4194194194194194,-19.450660641030446,-7.293895129638428,-13.010514987848687,-19.395680455823182,-19.511927425640593,2.9436989569011462,34.757874002225044,-2.7477130700985297,37.1163712038355,12.366064031377547,-25.326096079386225,26.092767606335904,6.309709815145424,-27.68169408760042,-0.3272840284684918,-19.521629165137508,-0.4649222251098796,-0.3490085459409616,-6.483821324372442,6.299461554174038,-0.008955569645401413,37.40376197421595
8.4,0.42042042042042044,-19.449517230261396,-7.2928964371285945,-13.010051607352338,-19.395383730585742,-19.51118916424634,2.9516060900103906,34.76564734451984,-2.741199580954453,37.115119635394805,12.36516453789002,-25.332312999827895,26.087065189891014,6.307656209810495,-27.67923044423065,-0.32748688642467816,-19.520009164268977,-0.4665866694809171,-0.350283614688131,-6.4856759335485,6.298160902331622,-0.015012494462671722,37.40232245608246
8.42,0.4214214214214214,-19.448394098966663,-7.291912394514451,-13.009609244637057,-19.39510362073693,-19.510470853722843,2.9595934204896173,34.773503037267375,-2.7345522811568244,37.1138428341081,12.364249523078604,-25.33857143147578,26.081368344737854,6.305579336693275,-27.67668411240799,-0.32769919262404945,-19.518434347683527,-0.4682833339309796,-0.3515789917303123,-6.487546012394928,6.296843870586897,-0.02111399868692966,37.40087995617691
8.44,0.4224224224224224,-19.447291294229125,-7.290943223856121,-13.009187957495573,-19.394840351979752,-19.509772656842763,2.967662153820283,34.78144161095999,-2.727770127717524,37.11254039448404,12.363318784292245,-25.34487150698105,26.075677196548405,6.30347906093253,-27.674054248760704,-0.3279210812735419,-19.516904708417425,-0.4700124058518182,-0.35289491987461963,-6.489432025278303,6.295510336477268,-0.02726058682381801,37.39943396633673
8.46,0.42342342342342343,-19.446208865763055,-7.289989143760206,-13.008787806835146,-19.394594152225796,-19.50909473708404,2.9758134985411515,34.78946356672637,-2.7208521273931496,37.11121191884323,12.362372117790384,-25.35121333001278,26.06999186751478,6.3013552444145695,-27.67134001215899,-0.32815268813011517,-19.51542024198375,-0.47177405246082127,-0.354231640450352,-6.491334432898599,6.294160177429947,-0.03345273236306551,37.39798398072879
8.48,0.4244244244244244,-19.44514686587993,-7.28905036908784,-13.008408856638908,-19.394365251470134,-19.508437258456357,2.9840486650351465,34.797569374519085,-2.71379734039859,37.10985701788239,12.361409318924618,-25.357596973552955,26.06431247632273,6.29920774609964,-27.668540564729234,-0.3283941504828171,-19.51398094616147,-0.4735684197991038,-0.35558939303715575,-6.493253691913338,6.292793270742021,-0.03969087552642615,37.396529496077996
8.5,0.42542542542542544,-19.444105349450904,-7.2881271106524546,-13.008051173921942,-19.394153881658955,-19.507800385318706,2.99236886424494,34.80575947125938,-2.7066048842365276,37.10847531126838,12.360430182327697,-25.36402247815652,26.05863913812637,6.297036422365162,-27.665655072920984,-0.3286456071323557,-19.512586820770515,-0.47539563171150173,-0.3569684151791441,-6.495190254541458,6.291409493567217,-0.045975420944295416,37.3950700119065
8.52,0.4264264264264264,-19.443084373865826,-7.287219574907217,-13.0077148286819,-19.393960276549564,-19.507184282187925,3.0007753063152753,34.81403425894158,-2.6992739376385018,37.107066428262556,12.359434502110085,-25.37048985017912,26.05297196452411,6.294841127366178,-27.66268270862752,-0.3289071983680474,-19.51123786743261,-0.47725578881077285,-0.35836894208471964,-6.497144568146451,6.290008722909598,-0.05230673526370114,37.39360503078386
8.540000000000001,0.4274274274274274,-19.442083998988643,-7.2863279636221225,-13.007399893843978,-19.393784671562397,-19.506589113538073,3.0092691991600935,34.822394102700045,-2.691803744612241,37.10563000837599,12.358422072064272,-25.376999059975482,26.04731106353589,6.292621713413379,-27.65962265036093,-0.32917906594201163,-19.50993408931756,-0.4791489674285893,-0.3597912063118756,-6.499117074798382,6.288590835624504,-0.0586851446909711,37.392134058588454
8.56,0.42842842842842843,-19.441104287109052,-7.285452473550744,-13.007106445200062,-19.393627303624676,-19.506015043590534,3.017851746952644,34.8308393288416,-2.6841936185889286,37.10416570205599,12.357392685877043,-25.383550040071817,26.041656539581677,6.290378031369017,-27.65647408448233,-0.32946135304047725,-19.50867549087479,-0.48107521855620494,-0.36123543743878644,-6.501108210814451,6.287155708426979,-0.06511093247302319,37.390656604780304
8.58,0.4294294294294294,-19.44014530289022,-7.284593296086707,-13.006834561341849,-19.393488411005354,-19.50546223609474,3.0265241485368755,34.839370222847215,-2.676442946663012,37.10267317140428,12.35634613734986,-25.39014268331594,26.036008493461335,6.288109931060982,-27.65323620648784,-0.3297542042520648,-19.50746207754982,-0.4830345667779913,-0.36270186171953284,-6.503118406277839,6.285703217907984,-0.07158433632191225,37.38917218268567
8.6,0.43043043043043044,-19.439207113312442,-7.283750616909966,-13.006584323587752,-19.393368233140976,-19.504930854099506,3.035287595758547,34.847987027346775,-2.668551193916014,37.10115209092719,12.355282220627487,-25.396776841009277,26.03036702233584,6.285817261715235,-27.649908222350625,-0.33005776553290767,-19.506293855485602,-0.48502700920135283,-0.3641907017248492,-6.505148084534654,6.284233240558652,-0.07810554578799529,37.387680309793566
8.620000000000001,0.4314314314314314,-19.438289787612565,-7.282924615623018,-13.0063558159034,-19.393267010452096,-19.504421059714883,3.044143271714655,34.85668994007131,-2.6605179078146044,37.099602148317906,12.354200730435,-25.40345232102531,26.02473221970995,6.283499872406786,-27.646489349919264,-0.3303721841684731,-19.505170831208424,-0.4870525143868595,-0.36570217596782423,-6.507197661668879,6.2827456528028565,-0.08467469958784397,37.38618050806435
8.64,0.43243243243243246,-19.437393397219004,-7.282115465377237,-13.00614912481554,-19.39318498414991,-19.503933013864593,3.053092348919962,34.86547911178753,-2.652342722671959,37.09802304527098,12.353101462323233,-25.41016888591944,26.01910417541629,6.2811576125292685,-27.642978820372395,-0.3306976087319435,-19.50409301129836,-0.48911102128276784,-0.3672364985145358,-6.509267545955311,6.281240331038366,-0.09129188289383623,37.38467230425058
8.66,0.43343343343343343,-19.436518015682214,-7.281323332489553,-13.005964339319162,-19.393122396032734,-19.503466876029044,3.062135987389613,34.87435464421985,-2.6440253641601017,37.0964144983289,12.35198421292273,-25.416926251035726,26.013482975601004,6.278790332283154,-27.639375879729403,-0.3310341890390181,-19.503060402044074,-0.491202438168438,-0.3687938785796528,-6.5113581372905935,6.279717151686828,-0.09795712459319657,37.3831552302302
8.68,0.4344344344344344,-19.435663718600406,-7.280548376049755,-13.005801550777642,-19.393079488271983,-19.503022803979018,3.0712753326370605,34.88331658796574,-2.635565653859612,37.094776239760684,12.350848780206212,-25.423724082616364,26.007868702710912,6.276397883182524,-27.635679790416706,-0.3313820760989951,-19.50207300908201,-0.4933266416114894,-0.3703745201070941,-6.513469826602564,6.278175991252848,-0.10467039452512053,37.38162882335216
8.700000000000001,0.43543543543543545,-19.434830583540396,-7.279790747518766,-13.005660852815742,-19.39305650318737,-19.502600953500153,3.0805115135867847,34.89236494041032,-2.626963513831682,37.093108018472044,12.349694963759536,-25.430561995920268,26.002261435482314,6.273980118580254,-27.63188983288884,-0.33174142206199503,-19.50113083701991,-0.49548347544387694,-0.37197862133589715,-6.515602995238232,6.276616726392384,-0.11143160070551078,37.38009262679438
8.72,0.4364364364364364,-19.434018689953376,-7.279050590318267,-13.00554234120529,-19.39305368301092,-19.50220147810839,3.0898456404015566,34.901499643647064,-2.6182189711961104,37.09140960094665,12.348522565061083,-25.437439553357535,25.99666124893145,6.2715368942113585,-27.62800530730337,-0.3321123801621869,-19.500233889044715,-0.49767274976239523,-0.37360637435151256,-6.517758014330863,6.275039233990703,-0.11824058654976156,37.378546189934205
8.74,0.43743743743743746,-19.433228119085445,-7.278328039412151,-13.005446113743359,-19.39307126963958,-19.501824528756572,3.0992788022243327,34.91072058241147,-2.609332162697399,37.08968077221782,12.347331387769461,-25.44435626264709,25.991068214346676,6.269068068754142,-27.624025535248244,-0.33249510465688187,-19.499382166514977,-0.4998942399594412,-0.37525796462281286,-6.5199352441467795,6.273443391250096,-0.12509712810495188,37.37698906873106
8.76,0.43843843843843844,-19.432458953882765,-7.27762322088032,-13.005372270122798,-19.393109504376113,-19.501470253532492,3.108812064835185,34.920027582035324,-2.600303339239692,37.08792133686983,12.34612123801937,-25.451311575005203,25.985482399282446,6.266573504408697,-27.619949861519984,-0.33288975076135957,-19.49857566853792,-0.5021476857901722,-0.37693357052517656,-6.522135033412618,6.271829075787564,-0.1320009313037343,37.375420826121314
8.78,0.4394394394394394,-19.43171127889114,-7.276936251485428,-13.005320911794962,-19.393168627658,-19.501138797348673,3.1184464682240516,34.9294204064295,-2.5911328703698877,37.086131120067684,12.344891924725415,-25.458304883373067,25.979903867555112,6.264053067492172,-27.615777655950662,-0.3332964745792977,-19.49781439153139,-0.5044327904824851,-0.37863336285008825,-6.524357718623976,6.270196165742642,-0.13895162925312993,37.37384103242499
8.8,0.44044044044044045,-19.430985180149882,-7.276267238233226,-13.005292141824501,-19.393248878774138,-19.50083030162426,3.1281830240804847,34.938898756103654,-2.5818212486868486,37.084309968614114,12.343643259893629,-25.46533552069204,25.974332679240646,6.2615066290501,-27.611508315281327,-0.33371543302867757,-19.49709832877096,-0.5067492198965104,-0.3803575043017769,-6.526603623336512,6.268544539895522,-0.14594877957234964,37.37224926576423
8.82,0.44144144144144143,-19.430280745079802,-7.275616277927276,-13.005286064736078,-19.393350495569145,-19.50054490395947,3.1380227132020053,34.94846226623168,-2.5723690941533084,37.08245775203234,12.342375058940359,-25.47240275823556,25.968768890674347,6.258934065482956,-27.607141265079136,-0.33414678376304496,-19.496427469922637,-0.5090966017405525,-0.3821061489815013,-6.528873057440769,6.2668740777956105,-0.1529918617946463,37.37064511249301
8.84,0.44244244244244246,-19.42959806236516,-7.274983456718834,-13.00530278635292,-19.393473714135062,-19.50028273780307,3.1479664828231204,34.95811050477202,-2.5627771582857597,37.08057436367274,12.341087141018177,-25.47950580400719,25.96321255445258,6.256335259186979,-27.60267596169504,-0.3345906850880091,-19.495801800561516,-0.5114745248506148,-0.3838794418601822,-6.531166316422153,6.265184659900626,-0.160080274849052,37.3690281676377
8.86,0.44344344344344344,-19.428937221829457,-7.2743688496528165,-13.005342413627087,-19.393618768490352,-19.500043932113428,3.1580152438675504,34.96784297065253,-2.553046328196412,37.07865972184152,12.339779329348353,-25.48664380121454,25.957663719436628,6.253710099208134,-27.598111894258484,-0.33504729587287113,-19.49522130167698,-0.5138825385408176,-0.38567751824017266,-6.533483680607684,6.2634761677263215,-0.16721333463865454,37.3673980353481
8.88,0.4444444444444444,-19.428298314304907,-7.273772520210839,-13.005405054461406,-19.393785890246086,-19.49982861101377,3.1681698681267223,34.97765909202964,-2.543177630460182,37.07671377094903,12.338451451559429,-25.493815826829252,25.95212243075876,6.251058481907962,-27.593448586705115,-0.33551677545727987,-19.494685949165046,-0.5163201520321358,-0.38750050320705637,-6.53582541440136,6.261748484006866,-0.17439027173280447,37.36575432935821
8.9,0.44544544544544545,-19.427681431495472,-7.273194519852394,-13.00549081752298,-19.393975308259275,-19.499636893442304,3.1784311853681255,34.98755822463212,-2.5331722347786894,37.07473648267518,12.33710334003131,-25.50102089024339,25.946588729830513,6.248380311639907,-27.588685599833138,-0.33599928355282077,-19.494195713308518,-0.5187868339669633,-0.3893485110724609,-6.538191765510133,6.260001492865908,-0.1816102291913063,37.36409667345617
8.92,0.44644644644644643,-19.42708666583333,-7.272634887555329,-13.005599812048285,-19.394187248273365,-19.499468892797974,3.1887999803776887,34.99753965019979,-2.5230314574123827,37.07272785714912,12.335734832244283,-25.508257932032993,25.94106265435335,6.245675501434551,-27.583822533383408,-0.33649498013945456,-19.493750558245807,-0.5212820120170253,-0.3912216448089754,-6.540582964162723,6.2582350799983,-0.188872260539216,37.36242470196257
8.94,0.44744744744744747,-19.42651411032868,-7.272093649356866,-13.005732147639787,-19.394421932545907,-19.49932471658261,3.1992769899409312,35.00760257502789,-2.512756764351218,37.070687924139946,12.33434577113225,-25.51552582283963,25.9355442383317,6.2429439736920465,-27.578859028137998,-0.33700402535673063,-19.49335044142923,-0.5238050725921167,-0.393119995478365,-6.542999222323688,6.256449132862404,-0.19617532791133174,37.36073806021638
8.96,0.44844844844844844,-19.42596385841279,-7.271570817896508,-13.005887934054146,-19.394679579463574,-19.49920446604041,3.209862899768244,35.017746128627756,-2.5023497741938323,37.06861674425502,12.332936005439464,-25.52282336238094,25.93003351208852,6.2401856608798605,-27.573794768031473,-0.3375265793897137,-19.492995313073816,-0.5263553606570407,-0.395043641654377,-6.545440732905374,6.254643540882879,-0.20351830038580423,37.35903640506745
8.98,0.4494494494494494,-19.425436003774184,-7.2710663919622425,-13.006067280982014,-19.39496040314464,-19.49910823579564,3.2205583413702943,35.027969362514796,-2.491812260704852,37.06651441014202,12.331505390079924,-25.530149278601282,25.92453050228336,6.237400506233807,-27.568629482268648,-0.3380628023495731,-19.49268511559769,-0.5289321796639332,-0.3969926488415408,-6.547907668980551,6.252818195663807,-0.21089995252649713,37.35731940537467
9.0,0.45045045045045046,-19.42493064018794,-7.27058035604155,-13.006270297819517,-19.39526461302921,-19.499036113489556,3.2313638888901837,35.038271249134496,-2.481146155019929,37.06438104769065,12.330053786498587,-25.5375022269736,25.919035231933137,6.234588464460182,-27.563362947442222,-0.3386128541487981,-19.49241978305518,-0.5315347916069082,-0.39896706889146516,-6.550400182998769,6.250972991211938,-0.21831896315377833,37.355586742508635
9.02,0.45145145145145144,-19.42444786133802,-7.270112679878824,-13.0064970934315,-19.39559241345747,-19.49898817941766,3.2422800558996636,35.04865068093737,-2.470353547468303,37.06221681722942,12.328581063033438,-25.544880789963482,25.91354772043556,6.2317495024366725,-27.5579949896432,-0.3391768943710176,-19.49219924056395,-0.5341624172056163,-0.40096693941824196,-6.552918406009612,6.249107824169808,-0.22577391436330452,37.35383811085765
9.040000000000001,0.45245245245245247,-19.423987760632606,-7.269663318040872,-13.006747775906703,-19.395944003236394,-19.498964506168313,3.2533072921673627,35.05910646961338,-2.4594366889831547,37.06002191471276,12.327087095277443,-25.552283476666304,25.90806798359539,6.228883599909564,-27.55252548655656,-0.33975508213541755,-19.49202340372752,-0.5368142362238933,-0.4029922832146659,-6.555462446896242,6.247222594058435,-0.23326329081206304,37.352073218335754
9.06,0.45345345345345345,-19.423550431012465,-7.269232209492258,-13.007022452305005,-19.39631957519531,-19.498965158263996,3.264445980407669,35.06963734549641,-2.4483979920708143,37.05779657289333,12.325571766439333,-25.559708722628088,25.902596033653538,6.225990750184637,-27.546954369534372,-0.3403475759557663,-19.491892178054627,-0.5394893879291619,-0.40504310767107865,-6.558032391622775,6.245317203529222,-0.2407854792904407,37.350291786891404
9.08,0.4544544544544544,-19.42313596475231,-7.268819277182318,-13.007321228396963,-19.39671931573092,-19.498990191806296,3.275696433019578,35.08024195714874,-2.437240031310948,37.055541062473864,12.324034967702115,-25.567154889860326,25.897131879319083,6.223070960809021,-27.54128162563797,-0.3409545335940761,-19.491805458376998,-0.542186971697659,-0.40711940419874215,-6.560628302499176,6.243391558624652,-0.24833876859838977,37.348493553015416
9.1,0.45545545545545546,-19.422744453255234,-7.268424427645769,-13.007644208395867,-19.397143404342376,-19.499039654126026,3.287058888825481,35.090918871135464,-2.4259655433612797,37.05325569323293,12.322476598578172,-25.574620267058652,25.89167552580433,6.220124254241151,-27.535507299640685,-0.3415761119089468,-19.491763128267173,-0.5449060477698767,-0.4092211476597361,-6.5632502174675205,6.2414455690473085,-0.25592134974284736,37.34667826824654
9.120000000000001,0.45645645645645644,-19.422375986840272,-7.268047550618878,-13.007991494682614,-19.39759201315715,-19.499113583439673,3.298533509820538,35.10166657199778,-2.4145774264421407,37.05094081511829,12.320896567259746,-25.58210307003465,25.8862269748629,6.217150668505895,-27.529631495982123,-0.3422124666986583,-19.49176505945812,-0.5476456381598326,-0.4113482958054603,-6.565898149413555,6.239479148436677,-0.26353131647242767,37.344845699673115
9.14,0.4574574574574575,-19.422030654523148,-7.267688518673225,-13.008363187523699,-19.398065306448483,-19.49921200851355,3.310120377943915,35.11248346243411,-2.4030787392782367,37.04859681930151,12.319294790963607,-25.589601442369478,25.880786224830953,6.2141502578318,-27.523654380664876,-0.3428637525390981,-19.49181111126645,-0.5504047277209296,-0.41350078872590107,-6.568572085507608,6.237492214653142,-0.27116666616404367,37.34299563042907
9.16,0.45845845845845845,-19.42170854379039,-7.267347186869159,-13.008759384782698,-19.398563440145328,-19.49933494833702,3.3218194918837773,35.1233678636967,-2.391472699477451,37.046224139187004,12.317671196268611,-25.597113456297237,25.875353270671617,6.211123093267365,-27.51757618308417,-0.3435301226166321,-19.49190113002113,-0.5531822653702293,-0.4156785483118951,-6.571271986578952,6.235484690068521,-0.27882530107452397,37.3411278601826
9.18,0.45945945945945943,-19.421409740366904,-7.267023392431073,-13.009180181625634,-19.39908656133579,-19.499482411806127,3.333630763928545,35.13431801621101,-2.3797626813292765,37.043823251368536,12.31602571944491,-25.604637113825152,25.869928104022645,6.208069263273197,-27.511397197780934,-0.3442117285560481,-19.492034948499647,-0.5559771654719442,-0.41788147773268275,-6.573997786527785,6.233456501862424,-0.2865050299684738,37.339242205615584
9.200000000000001,0.46046046046046046,-19.421134327977214,-7.266716954446672,-13.009625670220677,-19.39963480776515,-19.49965439741906,3.3455540168774385,35.145332080424176,-2.3679522130085804,37.041394676525876,12.314358306773494,-25.612170348096676,25.864510713247363,6.204988874286867,-27.50511778610855,-0.34490872024372554,-19.492212385373648,-0.558788309379873,-0.4201094609311022,-6.576749391778971,6.231407582323662,-0.2942035701315902,37.337338500891995
9.22,0.46146146146146144,-19.420882388100598,-7.266427673592421,-13.010095939432649,-19.400208307329653,-19.499850892984774,3.357588981023881,35.15640813788769,-2.356044973173822,37.03893898025422,12.312668914854767,-25.619711025002577,25.85910108348895,6.2018820512572965,-27.498738377803537,-0.3456212456462069,-19.49243324466613,-0.5616145471373526,-0.4223623621388144,-6.579526680781708,6.229337869155879,-0.30191854977639165,37.33541659811333
9.24,0.4624624624624625,-19.420653999720326,-7.266155331887409,-13.010591074512876,-19.40080717756734,-19.50007187534618,3.369735291225773,35.16754419257869,-2.3440447869525785,37.03645677381865,12.310957510904865,-25.627256945043907,25.853699196728098,6.1987489381455045,-27.49225947245042,-0.3463494506243709,-19.49269731522228,-0.5644546993321029,-0.42464002541398355,-6.582329503559194,6.227247305786503,-0.30964751084487385,37.333476367759154
9.26,0.46346346346346345,-19.42044923906734,-7.265899692477794,-13.011111156784938,-19.40143152514733,-19.500317310119218,3.381992484077055,35.17873817246282,-2.331955621311217,37.03394871482583,12.309224073038441,-25.63480584544949,25.848305031844045,6.195589698388613,-27.48568164083112,-0.34709347874343194,-19.49300437019611,-0.5673075591020983,-0.42694227420385683,-6.58515768131231,6.225135841678094,-0.3173879122099699,37.33151769911072
9.28,0.46446446446446443,-19.420268179358654,-7.265660499454086,-13.011656263326932,-19.402081445358988,-19.50058715144915,3.3943599951953187,35.18998793130055,-2.319781579809813,37.0314155078052,12.307468590536622,-25.64235540254918,25.842918564679078,6.192404515324064,-27.479005526149347,-0.3478534710790139,-19.49335416655509,-0.5701718942873305,-0.42926891093469405,-6.588011006081185,6.223003432641079,-0.32513713327490257,37.32954050065585
9.3,0.46546546546546547,-19.420110890530832,-7.265437477703389,-13.012226466650883,-19.402757021602557,-19.500881341785284,3.406837156640492,35.20129125069744,-2.3075268967478313,37.02885790469153,12.305691064098935,-25.649903234402842,25.83753976810642,6.189193592571117,-27.472231845120724,-0.3486295660195714,-19.493746444604895,-0.5730464497210429,-0.43161971663148974,-6.590889240468357,6.220850041146834,-0.33289247796658394,37.32754470047291
9.32,0.46646646646646645,-19.419977438968992,-7.26523033279879,-13.01282183438001,-19.403458324882905,-19.50119981167541,3.419423194479807,35.21264584239759,-2.295195930710723,37.02627670520112,12.303891506078008,-25.657446903683304,25.8321686121016,6.185957154366799,-27.46536138891964,-0.3494218990654575,-19.494180927536494,-0.575929949652731,-0.43399445056991004,-6.593792117427048,6.218675636640034,-0.3406511791161821,37.325530246592024
9.34,0.4674674674674675,-19.419867887231703,-7.265038750927935,-13.013442428924535,-19.40418541330811,-19.501542479581033,3.4321172265143636,35.224049350818,-2.28279315753229,37.0236727570937,12.30206994069588,-25.66498392081021,25.82680506381724,6.182695445853666,-27.458395023974234,-0.35023060262495803,-19.494657320997693,-0.5788211002939381,-0.43639284996282857,-6.596719340117827,6.216480195849135,-0.3484104032168582,37.32349710733156
9.36,0.46846846846846846,-19.41978229377231,-7.264862398862838,-13.014088307156818,-19.40493833159468,-19.50190925171452,3.4449182601826065,35.23549935582007,-2.270323162692476,37.021046956312304,12.30022640424089,-25.672511747329892,25.82144908766127,6.179408733316893,-27.451333692601416,-0.3510558058076405,-19.495175312691277,-0.5817185924766356,-0.4388146296837945,-6.599670581836649,6.214263703093833,-0.3561672555455222,37.321445271608
9.38,0.4694694694694695,-19.419720712657146,-7.264700923972835,-13.014759520086587,-19.405717110581303,-19.50230002189909,3.457825190655948,35.246993375713124,-2.257790633175013,37.01840024699371,12.298360945244099,-25.680027799534837,25.816100645378576,6.176097304368423,-27.444178413474276,-0.3518976342153868,-19.495734572001844,-0.5846211044127957,-0.4412594820296966,-6.6026454860169705,6.212026150588318,-0.36391878563229607,37.319374749217275
9.4,0.47047047047047047,-19.419683193281216,-7.264553954282506,-13.015456112537075,-19.406521766753055,-19.502714671452605,3.470836799141569,35.258528870483275,-2.245200348814118,37.01573362134208,12.296473624634354,-25.687529452314678,25.810759696135985,6.1727614680761596,-27.43693028191492,-0.35275620973150223,-19.496334749653325,-0.5875273045426428,-0.4437270765248039,-6.605643666308264,6.2097675387391025,-0.3716619930582476,37.31728557108583
9.42,0.47147147147147145,-19.41966978008195,-7.264421098576287,-13.016178122822929,-19.40735230177804,-19.503153069095863,3.483951751407134,35.27010324523931,-2.2325571731640386,37.013048119359,12.294564515871137,-25.695014043228905,25.805426196610608,6.169401555036414,-27.429590470006474,-0.3536316503083168,-19.496975477399175,-0.5904358544580355,-0.4462170597682622,-6.6086647067329025,6.207487876436212,-0.3793938335589118,37.315177789489674
9.44,0.4724724724724725,-19.419680512251613,-7.2643019465513285,-13.01692558243072,-19.40820870205853,-19.503615070886127,3.497168596541736,35.28171385386606,-2.219866043929712,37.0103448284234,12.292633705054495,-25.70247887678989,25.800100101081433,6.166017917388138,-27.422160226518713,-0.3545240697537137,-19.49765636774709,-0.5933454118864974,-0.4487290553270115,-6.611708161922952,6.205187181336495,-0.38711122540818643,37.31305147823973
9.46,0.47347347347347346,-19.41971542344907,-7.264196069020028,-13.017698515702971,-19.409090938298664,-19.504100520176408,3.5104857659668585,35.293358002873966,-2.207131963001017,37.007624882715376,12.2906812910114,-25.709921228943163,25.794781361524162,6.16261092876774,-27.414640876642597,-0.35543357751704263,-19.498377013720035,-0.5962546337205953,-0.45126266367595447,-6.614773557437992,6.202865480137829,-0.39481105605441824,37.310906732832024
9.48,0.4744744744744745,-19.41977454151159,-7.264103018163492,-13.018496939526583,-19.409998965090796,-19.50460924760091,3.5239015727104985,35.30503295543239,-2.194359986137005,37.00488946247852,12.288707385358045,-25.71733835173035,25.789469927709153,6.159180984203628,-27.40703382152994,-0.3563602784748918,-19.49913698865525,-0.5991621790766761,-0.45381746218706176,-6.617860390164618,6.200522808843002,-0.40249018897792743,37.308743670561256
9.5,0.4754754754754755,-19.419857888167417,-7.26402232783699,-13.019320863026564,-19.4109327205226,-19.505141071086978,3.5374142109568134,35.31673593557265,-2.1815552123500668,37.00213979311602,12.286712112537677,-25.724727478118613,25.784165747302424,6.155728499949944,-27.39934053763531,-0.35730427271721177,-19.49993584604276,-0.6020667123664283,-0.4563930051689362,-6.62096812879779,6.1981592130120475,-0.4101454707368862,37.30656243059638
9.52,0.47647647647647645,-19.41996547874987,-7.263953513928282,-13.020170287266,-19.411892125807032,-19.505695795893626,3.551021755882788,35.32846413254569,-2.1687227730431395,36.999377144116444,12.28469560983369,-25.732085826979027,25.77886876596961,6.1522539132593055,-27.391562575858316,-0.3582656553342983,-19.50077311940484,-0.6049669063643432,-0.45898882395818213,-6.624096214403721,6.19577474800187,-0.41777373816641317,37.3043631740171
9.540000000000001,0.4774774774774775,-19.42009732191377,-7.263896074769464,-13.021045204953165,-19.41287708493726,-19.50627321467673,3.5647221637923994,35.34021470531789,-2.1558678209557396,36.996602827806115,12.282658027357853,-25.739410608195044,25.77357892748273,6.148757682094718,-27.383701560485378,-0.359244516205157,-19.501648322217672,-0.6078614452539253,-0.46160442706373866,-6.62724406106349,6.193369479191998,-0.4253718256939978,37.302146083810236
9.56,0.47847847847847846,-19.420253419354992,-7.263849491602782,-13.021945600156707,-19.41388748436861,-19.506873107580727,3.578513272557646,35.35198478718764,-2.1429955189768037,36.99381819792564,12.280599528013637,-25.746699027880915,25.768296173829725,6.145240284781195,-27.375759187931223,-0.3602409397877824,-19.50256094787632,-0.6107490276354399,-0.46423930036513256,-6.630411056596038,6.190943482195356,-0.4329365727329587,37.299911364825
9.58,0.4794794794794795,-19.420433765534025,-7.263813229100599,-13.022871448029802,-19.414923192729525,-19.50749524235655,3.592392802374579,35.36377149050421,-2.1301110288839524,36.99102464802929,12.278520287434786,-25.75394829368893,25.763020445326507,6.141702219597959,-27.367737225281353,-0.3612550049118962,-19.503510469704008,-0.6136283694781081,-0.46689290736539635,-6.633596563358731,6.188496843053012,-0.4404648311145934,37.29765924368654
9.6,0.4804804804804805,-19.420638347404317,-7.263786735939469,-13.023822714544188,-19.41598406056356,-19.50813937450544,3.6063583568411373,35.375571911469684,-2.1172195000698713,36.98822360970678,12.276420493899346,-25.76115562018335,25.75775168073152,6.138144004312474,-27.35963750863784,-0.3622867845746961,-19.504496341006472,-0.6164982069999447,-0.4695646894991741,-6.636799919123172,6.186029658411875,-0.4479534725190061,37.2953899686671
9.620000000000001,0.48148148148148145,-19.420867144146385,-7.263769445428009,-13.024799356234963,-19.41706992010424,-19.50880524744804,3.6204074243621487,35.38738313500398,-2.1043260583169796,36.98541655062826,12.274300348219542,-25.768318234258217,25.75248981736253,6.134566175657904,-27.351461941271918,-0.363336345740171,-19.505517995171985,-0.6193572994589059,-0.4722540664963102,-6.640020438023425,6.183542035684426,-0.4553993958643278,37.29310380951451
9.64,0.4824824824824825,-19.421120126908484,-7.263760776187992,-13.025801319956999,-19.418180585084617,-19.509492592718182,3.6345373798853458,35.39920223965249,-2.0914357946814435,36.982604972414244,12.272160063608,-25.77543338057553,25.74723479121558,6.130969288755911,-27.343212491587867,-0.3644037491425443,-19.50657484581755,-0.6222044318396424,-0.47496043680097705,-6.643257411573399,6.181034093189612,-0.4627995346141666,37.290801057237644
9.66,0.48348348348348347,-19.421397258554798,-7.263760132887821,-13.026828542653819,-19.41931585058324,-19.510201130180512,3.6487454869706224,35.4110263025155,-2.078553754546854,36.97979040833354,12.269999865520921,-25.782498326999967,25.741986537085868,6.127353916487071,-27.334891190903765,-0.3654890490944052,-19.507666286981472,-0.6250384174209573,-0.4776831780461603,-6.6465101097496415,6.178505960274105,-0.4701508639636517,37.28848202384886
9.68,0.4844844844844845,-19.42169849342202,-7.263766907027268,-13.027880951139739,-19.420475492908082,-19.510930568271117,3.6630289001930865,35.422852404178286,-2.0656849269065747,36.9769744208333,12.26781999147894,-25.78951037000601,25.736744988690415,6.123720648811447,-27.326500131055713,-0.3665922933000871,-19.5087916933624,-0.6278581002100169,-0.4804216475830713,-6.649777782135425,6.175957777413246,-0.4774504078653574,37.2861470420636
9.700000000000001,0.4854854854854855,-19.422023777085247,-7.2637804777720705,-13.028958461896048,-19.42165926951993,-19.511680604260103,3.6773846678787208,35.43467763362068,-2.0528342339318537,36.97415859890662,12.265620690866498,-25.796466840033414,25.73151007879229,6.120070092042167,-27.31804146183312,-0.3677135226748476,-19.509950420604746,-0.6306623572304509,-0.48317518306481444,-6.653059659121574,6.1733896962910455,-0.48469524585769513,37.28379646495733
9.72,0.48648648648648646,-19.42237304613405,-7.263800212836729,-13.030060980881949,-19.422866918996522,-19.512450924535052,3.6918097351696715,35.446499093085265,-2.040006520880334,36.971344555304334,12.263402224710678,-25.80336510676697,25.726281739326243,6.116402868075132,-27.30951738825356,-0.36885277117039866,-19.511141805630142,-0.6334501006527063,-0.4859431030833874,-6.656354953159172,6.170801879858728,-0.49188251966003094,37.281430665580395
9.74,0.4874874874874875,-19.422746227959664,-7.263825469413555,-13.031188403360973,-19.42409816103858,-19.513241204904155,3.706300947414371,35.4583139028833,-2.0272065463966102,36.968533923598805,12.261164865440492,-25.81020258431701,25.721059901525486,6.112719613578166,-27.30093016768662,-0.37001006560732413,-19.512365167014533,-0.6362202797563392,-0.4887247078588502,-6.659662860058968,6.168194502371413,-0.499009439500796,37.27905003653139
9.76,0.48848848848848847,-19.423143240554108,-7.2638555951457455,-13.032340613743486,-19.425352696518754,-19.514051110917773,3.720855053875853,35.47011920611817,-2.014438973253017,36.96572835510879,12.258908896627762,-25.816976736277567,25.715844496049467,6.109020979143182,-27.2922821068369,-0.3711854255149117,-19.513619805410148,-0.6389718827153593,-0.49151927997925693,-6.662982560332016,6.165567749402594,-0.5060732901471788,37.27665498948985
9.78,0.4894894894894895,-19.423563992322155,-7.263889929142018,-13.033517485445897,-19.426630207574288,-19.514880298207085,3.735468711749776,35.48191217330669,-2.0017083595749368,36.96292951569562,12.256634612710732,-25.823685080639855,25.710635453112385,6.105307628405057,-27.283575558597207,-0.3723788629789105,-19.514905004011602,-0.6417039381992347,-0.49432608518970866,-6.6663132205659,6.162921817836232,-0.5130714366075894,37.274245954709336
9.8,0.4904904904904905,-19.424008381906937,-7.263927803030064,-13.034718880767103,-19.42793035774397,-19.515728412838474,3.750138490481847,35.49369000687933,-1.9890191505906425,36.96013908244211,12.254342318701648,-25.830325194539682,25.705432702612242,6.1015802371311105,-27.274812918783464,-0.3735903824977097,-19.51622002906507,-0.6444155167837133,-0.4971443732286571,-6.669653994830699,6.160256915836323,-0.5200013294809261,37.27182338047193
9.82,0.49149149149149146,-19.424476298030008,-7.263968542045839,-13.035944650782664,-19.429252792149878,-19.516595091682206,3.7648608763725226,35.50544994554137,-1.9763756709410987,36.957358740226596,12.252032329879587,-25.836894718818403,25.700236174260212,6.097839492285135,-27.26599662276359,-0.3748199808474126,-19.517564130419373,-0.6471057321672058,-0.4999733787093686,-6.673004026108725,6.157573262793961,-0.5268605099297231,37.269387732505535
9.84,0.4924924924924925,-19.42496761934663,-7.264011466155495,-13.03719463525711,-19.43059713772406,-19.51747996279401,3.779632277455121,35.51718926847797,-1.9637821175802994,36.95459017820564,12.249704971469836,-25.84339136237837,25.695045797710083,6.094086091070039,-27.25712914199301,-0.3760676469562602,-19.51893654211764,-0.6497737421900618,-0.5028123220442464,-6.67636244774202,6.154871089251991,-0.5336466142574526,37.26693949336541
9.86,0.4934934934934935,-19.425482214317036,-7.264055891206509,-13.038468662574791,-19.431963003480224,-19.518382645808057,3.7944490286317794,35.52890529938739,-1.951242553291687,36.95183508621986,12.247360578311147,-25.849812906315098,25.689861502687585,6.0903207399532056,-27.248212980469862,-0.3773333617888344,-19.520336483028057,-0.6524187496556685,-0.5056604104095122,-6.679728384891545,6.152150636807443,-0.5403573780735794,37.26447916178149
9.88,0.4944944944944945,-19.426019941094317,-7.264101130104397,-13.039766549689526,-19.433349980830165,-19.51930275233993,3.809307397050083,35.540595410327796,-1.9387609008410398,36.94909515113805,12.24499949451222,-25.856157207809993,25.684683219119332,6.086544153678649,-27.23925067112332,-0.3786170982404429,-19.52176315751207,-0.6550400029538513,-0.5085168387475584,-6.683100956002045,6.1494121579920735,-0.5469906400333486,37.26200725197323
9.9,0.4954954954954955,-19.426580647429624,-7.264146494011191,-13.041088102093333,-19.434757643944565,-19.52023988639812,3.824203587701667,35.55225702536442,-1.9263409377810017,36.946372053155805,12.242622073098751,-25.86242220376899,25.679510877261198,6.082757054270079,-27.230244772148573,-0.3799188210420628,-19.523215756128252,-0.657636796488574,-0.5113807908041135,-6.686479274266622,6.146655916131397,-0.5535443451427036,37.25952429293385
9.92,0.4964964964964965,-19.42716417059523,-7.264191293561732,-13.0424331138044,-19.436185550157482,-19.521193644802658,3.839133749222694,35.56388762400532,-1.913986291917226,36.94366746206504,12.240228675652387,-25.868605914194227,25.67434440782586,6.078960170028878,-27.221197863302233,-0.38123848667618826,-19.52469345636998,-0.6602084709133813,-0.5142514401972019,-6.689862449085205,6.143882185182712,-0.5600165476221286,37.257030827685824
9.94,0.4974974974974975,-19.427770337326034,-7.264234840093641,-13.043801367374417,-19.43763324041372,-19.52216361760945,3.8540939798748264,35.575484744415476,-1.9017004374409685,36.94098303351182,12.23781967194288,-25.874706445277646,25.669183742109325,6.075154234530957,-27.212112542171816,-0.38257604330389533,-19.52619542343487,-0.6627544131793993,-0.5171279515147399,-6.693249587511229,6.1410912495527,-0.5664054133265538,37.25452741250984
9.96,0.4984984984984985,-19.428398963779948,-7.264276446886771,-13.045192633915327,-19.439100239757956,-19.52314938853903,3.8690803336841695,35.5870459864005,-1.8894866917279685,36.938320405259844,12.235395439554745,-25.880721992207235,25.66402881211621,6.071339985626324,-27.20299142043304,-0.38393143070340663,-19.52772081102384,-0.6652740564019757,-0.5200094814374827,-6.696639795681065,6.138283403895269,-0.5727092217217032,37.25201461614913
9.98,0.4994994994994995,-19.429049855517604,-7.2643154304077955,-13.046606673145469,-19.440586057864376,-19.524150535408364,3.8840888267146747,35.598569014152694,-1.8773482127986323,36.93568119347741,12.232956363509647,-25.8866508416785,25.658879550683537,6.067518164445067,-27.19383712010839,-0.3853045802204017,-19.52926876216761,-0.6677668795532168,-0.522895179883932,-6.700032180220975,6.135458952890379,-0.578926367420386,37.249493018991686
10.0,0.5005005005005005,-19.429722807501715,-7.264351111555568,-13.04804323345506,-19.44209018960536,-19.525166630564552,3.89911544345166,35.61005155875401,-1.8652879974299608,36.93306698906571,12.230502835885725,-25.892491374105614,25.65373589160288,6.0636895144133085,-27.184652269840207,-0.38669541473028496,-19.530838410078314,-0.6702324069887254,-0.5257841911737192,-6.703425849626623,6.132618211004668,-0.5850553612851821,37.24696321223236
10.02,0.5015015015015015,-19.430417604116375,-7.264382816902806,-13.049502051990865,-19.44361211565749,-19.526197241319164,3.914156143270449,35.62149142043169,-1.8533088799053488,36.93047935404623,12.228035255434989,-25.898242065528642,25.64859776974065,6.059854780282492,-27.17543950119124,-0.3881038486125854,-19.532428879023836,-0.6726702078177702,-0.5286756552059124,-6.7068199156105015,6.12976150223475,-0.5910948311067433,37.24442579701747
10.040000000000001,0.5025025025025025,-19.431134019206528,-7.264409879929671,-13.050982854759868,-19.445151303143067,-19.527241930382164,3.9292068669646567,35.63288647056431,-1.8414135313844027,36.927919818024826,12.22555402719987,-25.903901489214974,25.643465121156265,6.0560147071751915,-27.166201444985216,-0.389529787737627,-19.534039285222427,-0.675079895126915,-0.5315687086486378,-6.7102134944129475,6.126889159834132,-0.597043521869477,37.24188138357411
10.06,0.5035035035035035,-19.431871816137715,-7.264431642244795,-13.052485356751685,-19.446707206305074,-19.52830025629435,3.944263543308337,35.64423465343709,-1.8296044598712815,36.925389874749776,12.223059562129947,-25.909468316955007,25.63833788321812,6.052170039650403,-27.156940727699467,-0.3909731294655685,-19.535668737755092,-0.6774611250678025,-0.5344624861363745,-6.713605708072744,6.12400152602472,-0.6029002956187096,37.23933059032671
10.08,0.5045045045045045,-19.432630747876182,-7.264447454789368,-13.054009262079411,-19.448279267213405,-19.52937177385736,3.9593220956261157,35.65553398774709,-1.817884010756792,36.9228909787804,12.220552276699802,-25.91494132005385,25.6332159947171,6.048321520791062,-27.14765996792115,-0.39243376265787605,-19.537316339493188,-0.6798135958203108,-0.5373561214712623,-6.716995685653712,6.12109895169395,-0.6086641309454983,37.23677404300327
10.1,0.5055055055055055,-19.433410557089342,-7.264456679019936,-13.055554264138545,-19.449866916499992,-19.53045603456036,3.974378448345497,35.66678256786017,-1.806254367906592,36.920424542282504,12.218032592528868,-25.920319370022487,25.628099395977475,6.044469891316314,-27.138361772878028,-0.39391156770125085,-19.53898118803869,-0.6821370464427017,-0.5402487488247679,-6.720382564424034,6.118181796078603,-0.6143341221070829,37.23421237373381
10.120000000000001,0.5065065065065065,-19.4342109762665,-7.264458688065691,-13.05712004578356,-19.451469574120402,-19.531552587002587,3.989428533505795,35.67797856482292,-1.7947175552653782,36.9179919319658,12.215500936004082,-25.92560143897344,25.62298802896505,6.040615888720812,-27.129048735054095,-0.3954064165439985,-19.540662376674465,-0.6844312556206424,-0.5431395039360717,-6.723765490985443,6.115250426436385,-0.6199094778025331,37.23164622014339
10.14,0.5075075075075075,-19.43503172785967,-7.264452867856086,-13.058706279521672,-19.45308665013923,-19.532660977311032,4.004468297198589,35.68912022713423,-1.7832754389448484,36.91559446617786,12.21295773790608,-25.9307865997275,25.617881837392375,6.0367602464430785,-27.11972342889972,-0.3969181727447868,-19.54235899532199,-0.6866960403271194,-0.5460275253035773,-6.727143622349816,6.112305217706393,-0.6253895196244429,37.229076224442316
10.16,0.5085085085085085,-19.435872524444285,-7.2644386182148155,-13.060312627723295,-19.454717545536667,-19.533780749552584,4.019493705915225,35.700205881281946,-1.7719297297615721,36.913233412167855,12.210403433039572,-25.93587402563944,25.6127807668209,6.032903693064729,-27.11038840764516,-0.3984466915337027,-19.544070131503865,-0.6889312544052812,-0.5489119553660025,-6.730516126961053,6.109346552159566,-0.6307736802085657,37.22650303251592
10.18,0.5095095095095095,-19.436733068899457,-7.264415353916309,-13.061938742848609,-19.45636165303342,-19.534911446140054,4.034500752777658,35.711233932051556,-1.7606819861896166,36.9109099835325,12.207838459868485,-25.940862990151967,25.607684764759945,6.0290469515421234,-27.101046200225664,-0.3999918198854807,-19.54579487130854,-0.6911367870861516,-0.5517919416695779,-6.733882185660547,6.1063748190402665,-0.6360615011040694,37.22392729301635
10.200000000000001,0.5105105105105106,-19.437613054607425,-7.264382505701102,-13.063584267689679,-19.458018357931124,-19.53605260823157,4.0494854636299245,35.72220286261461,-1.7495336176918959,36.90862533785504,12.205263260156388,-25.945752866088288,25.60259378076232,6.025190738471745,-27.091699308325556,-0.40155339660474015,-19.547532300354657,-0.6933125614529486,-0.5546666380179741,-6.7372409925949,6.103390414200102,-0.6412526303876304,37.221349656458784
10.22,0.5115115115115115,-19.438512165671728,-7.2643395212466375,-13.065248835627472,-19.459687038965406,-19.537203776122883,4.064443902968563,35.733111234405335,-1.7384858883936898,36.90638057454724,12.202678278612622,-25.950543124694654,25.597507766516536,6.02133576339041,-27.082350203547893,-0.40313125242303244,-19.549281504752464,-0.695458532863454,-0.5575352056016757,-6.740591756064909,6.100393739725105,-0.6463468200448949,37.2187707743244
10.24,0.5125125125125125,-19.439430077153606,-7.264285866090281,-13.066932070903118,-19.4613670691686,-19.538364489632176,4.079372179691621,35.74395768679502,-1.7275399210616156,36.904176732902556,12.200083962544527,-25.955233334445268,25.592426675935485,6.0174827281111485,-27.073001324715573,-0.4047252101074666,-19.551041572059795,-0.6975746873414863,-0.560396814103641,-6.743933699315189,6.097385203557371,-0.6513439231429233,37.216191298172426
10.26,0.5135135135135135,-19.440366455326025,-7.264221024501575,-13.068633588902726,-19.463057816739227,-19.539534288477103,4.094266452647176,35.75474093657397,-1.7166967013514964,36.90201479036755,12.19748076151605,-25.959823159622577,25.58735046524147,6.0136323260954185,-27.063655075308873,-0.40633508458064704,-19.552811592230125,-0.6996610399480754,-0.5632506427782169,-6.747266061264157,6.094365219112247,-0.6562438908171162,37.21361187876347
10.28,0.5145145145145145,-19.44132095794468,-7.264144500301001,-13.07035299645502,-19.464758645915303,-19.540712712643707,4.109122935963801,35.76545977725175,-1.7059570822890338,36.899895661037036,12.194869127012998,-25.964312358686705,25.582279093047564,6.009785241862064,-27.05431382104371,-0.4079606830516273,-19.554590658550364,-0.7017176331424109,-0.5660958815004224,-6.7505880971743775,6.09133420489211,-0.6610467690958182,37.211033165196284
10.3,0.5155155155155156,-19.442293234535274,-7.264055817622812,-13.072089892141063,-19.466468917848523,-19.541899302747034,4.123937904146955,35.776113078186654,-1.6953217889479353,36.897820194376834,12.192249512115108,-25.968700782448252,25.57721252043515,6.005942150433265,-27.044979887594078,-0.409601805157553,-19.55637786856599,-0.7037445351420538,-0.5689317317828668,-6.7538990792636096,6.088292584097782,-0.6657526955853256,37.208455804060044
10.32,0.5165165165165165,-19.44328292669632,-7.263954521619754,-13.073843866615315,-19.46818799147651,-19.54309360038325,4.1387076969269145,35.78669978355577,-1.6847914232911319,36.89578917417686,12.189622371175105,-25.97298837205906,25.572150711027668,6.002103716817525,-27.035655558461325,-0.41125824311563935,-19.5581723249913,-0.7057418382912797,-0.571757407757737,-6.757198297257142,6.085240784238565,-0.6703618960373992,37.205880438604176
10.34,0.5175175175175175,-19.444289668416612,-7.263840179107792,-13.075614502937208,-19.46991522439025,-19.544295148473125,4.153428723845538,35.79721891117718,-1.6743664691419284,36.893803317735404,12.186988159504804,-25.977175156835866,25.56709363106044,5.998270595529571,-27.026343072992283,-0.41292978188510165,-19.55997313660264,-0.7077096574457592,-0.5745721371214599,-6.760485058882279,6.08217923674187,-0.6748746808206302,37.20330770792755
10.36,0.5185185185185185,-19.445313086406564,-7.263712379149271,-13.07740137691249,-19.47164997369405,-19.545503491596726,4.168097468570913,35.807669551196106,-1.6640472972533198,36.89186327527429,12.184347333068331,-25.98126125193181,25.562041249446597,5.994443430146877,-27.017044624547417,-0.41461619933863314,-19.56177941911247,-0.7096481283811035,-0.5773751620398309,-6.7637586903060445,6.079108376563334,-0.6792914413161439,37.20073824618885
10.38,0.5195195195195195,-19.446352800442455,-7.263570733573211,-13.079204057443489,-19.473391596855286,-19.546718176319295,4.182710492930669,35.818050864646686,-1.6538341704452622,36.8899696295831,12.18170034818248,-25.985246855870912,25.556993537839013,5.990622852902382,-27.007762358819555,-0.4163172664430011,-19.563590296022372,-0.7115574062320988,-0.5801657400115836,-6.7670185365174245,6.076028641798339,-0.6836126462571613,37.198172681839864
10.4,0.5205205205205206,-19.44740842372266,-7.263414877431763,-13.081022106887515,-19.475139452541445,-19.547938751508216,4.197264440656511,35.82836208190126,-1.6437272487813654,36.8881228958892,12.179047661224159,-25.9891322479605,25.551950470688297,5.986809484312835,-26.998498372303064,-0.4180327474483126,-19.56540489945307,-0.7134376639687543,-0.582943144688578,-6.770263961655606,6.072940473295731,-0.6878388380309067,37.1956116368832
10.42,0.5215215215215215,-19.4484795632349,-7.263244469392154,-13.082855081422567,-19.47689290144197,-19.54916476864104,4.211756040834287,35.83860250101866,-1.6337265947582622,36.88632352194915,12.176389728344919,-25.992917785596394,25.546912025296773,5.983003932842074,-26.98925471091267,-0.41976240008548144,-19.567222370949747,-0.7152890909145793,-0.5857066666509745,-6.773494349285869,6.069844314274553,-0.6919706289602523,37.193055726155876
10.44,0.5225225225225225,-19.449565820133472,-7.263059192063739,-13.084702531419518,-19.47865130707265,-19.550395782104562,4.2261821110556195,35.84877148600316,-1.6238321784827634,36.884571888355765,12.173727005192472,-25.99660390147544,25.541878181868473,5.979206794598441,-26.980033368750597,-0.42150597577141174,-19.569041862261003,-0.7171118913118174,-0.58845561413597,-6.7767091026249275,6.0667406099445165,-0.6960086975813528,37.19050555664021
10.46,0.5235235235235235,-19.450666790125457,-7.262858752260086,-13.086564001819978,-19.48041403656029,-19.55163134948489,4.2405395602688305,35.85886846498509,-1.6140438828138268,36.88286830905392,12.17105994663911,-26.00019110072967,25.536848923555127,5.975418653065452,-26.970836287020024,-0.42326321982139997,-19.57086253608996,-0.71890628293768,-0.5911893137188735,-6.779907644717615,6.063629807130914,-0.6999537849323577,37.187961726803096
10.48,0.5245245245245245,-19.451782063864847,-7.262642881196311,-13.088439032519002,-19.482180461405726,-19.552871031848575,4.2548253913285325,35.86889292833433,-1.6043615084482972,36.88121303205723,12.168389006516948,-26.003679957995885,25.531824236498192,5.971640078864731,-26.961665353082495,-0.4250338716682433,-19.572683566816107,-0.7206724957749665,-0.5939071109455006,-6.783089418566929,6.060512353904612,-0.7038066908671105,37.18542482596485
10.5,0.5255255255255256,-19.452911227353525,-7.262411334622162,-13.090327158751833,-19.48394995822317,-19.55411439401476,4.269036703244815,35.87884442671692,-1.5947847789313236,36.87960624035675,12.165714637359846,-26.007071114434073,25.526804109866912,5.9678716295501735,-26.95252239965627,-0.426817665087534,-19.574504141186626,-0.7224107707398252,-0.5966083709150773,-6.786253887219528,6.057388699217725,-0.7075682704065593,37.18289543369857
10.52,0.5265265265265265,-19.454053862348015,-7.26216389289162,-13.092227911483892,-19.485721909454263,-19.55536100481837,4.2831706931344735,35.88872256910526,-1.5853133455742938,36.87804805301189,12.163037290151921,-26.010365274707492,25.52178853589246,5.964113849432235,-26.9434092041523,-0.42861432842860986,-19.576323458976116,-0.724121358468805,-0.5992924788130383,-6.789400533808822,6.054259292545512,-0.7112394301394387,37.18037411926076
10.540000000000001,0.5275275275275275,-19.45520954677095,-7.2619003609700625,-13.0941408178032,-19.48749570405516,-19.556610437364345,4.297224657878124,35.89852702075154,-1.5759467922650168,36.87653852641315,12.160357414082512,-26.013563203936748,25.516777509898155,5.9603672694311856,-26.934327488143996,-0.43042358485062604,-19.57814073361365,-0.7258045181667794,-0.6019588403933092,-6.792528861557851,6.051124583535014,-0.7148211246826227,37.17786144105407
10.56,0.5285285285285285,-19.45637785512616,-7.261620568380263,-13.096065401314476,-19.489270738155334,-19.55786226927295,4.311195995488385,35.908257501133576,-1.5666846401567518,36.8750776557056,12.157675456307471,-26.01666572463951,25.51177103032586,5.956632406958146,-26.925278916966747,-0.43224515256320906,-19.57995519277638,-0.7274605165167893,-0.604606882409859,-6.795638393744171,6.047985021660864,-0.7183143532104348,37.17535794612256
10.58,0.5295295295295295,-19.457558358916334,-7.261324369088765,-13.098001182534126,-19.49104641568675,-19.559116082916145,4.32508220619551,35.917913781882056,-1.5575263522244678,36.87366537636137,12.15499186171668,-26.019673713666947,25.506769098758536,5.952909765822686,-26.91626509944264,-0.4340787450711525,-19.581766078948903,-0.7290896266523553,-0.6072360529974977,-6.798728673628975,6.044841055888704,-0.7217201560611068,37.172864169680054
10.6,0.5305305305305306,-19.458750627062155,-7.261011641334359,-13.099947679285389,-19.492822148982416,-19.56037146564506,4.338880893257995,35.92749568469734,-1.5484713376784491,36.87230156588917,12.152307072707638,-26.02258809914726,25.501771719939043,5.949199836165744,-26.90728758772576,-0.43592407142261413,-19.58357264994783,-0.7306921271923525,-0.6098458220020812,-6.801799264352675,6.04169313434656,-0.7250396114275366,37.17038063467187
10.620000000000001,0.5315315315315315,-19.459954226321912,-7.260682287400614,-13.101904407092896,-19.494597359343352,-19.56162801000851,4.352589763506673,35.93700307926363,-1.5395189562270073,36.87098604566853,12.149621528965064,-26.025409857446032,25.49677890178525,5.9455030944166225,-26.89834787726305,-0.4377808364602756,-19.585374179411104,-0.7322683013381244,-0.6124356812604662,-6.8048497487991435,6.038541704004506,-0.7282738321384957,37.167907851370124
10.64,0.5325325325325325,-19.461168721710532,-7.260336233334604,-13.103870879575943,-19.496371477573213,-19.562885313962656,4.366206627631708,35.94643588116777,-1.53066852218162,36.86971858289618,12.146935667246348,-26.028140010152434,25.491790655401488,5.941820003272808,-26.889447406865596,-0.43964874107493124,-19.587169957251724,-0.7338184360321331,-0.6150051448307299,-6.807879729430824,6.0353872103629005,-0.7314239625354911,37.16544631700264
10.66,0.5335335335335335,-19.462393676917035,-7.259973428614124,-13.105846608839785,-19.498143944480027,-19.564142981071708,4.379729400222713,35.95579404982937,-1.5219193083992866,36.86849889263189,12.144249921172808,-26.030779621099622,25.486806995086415,5.938151011701361,-26.88058755888507,-0.44152748246097684,-19.58895929007566,-0.7353428211771087,-0.6175537491733306,-6.810888828096815,6.0322300971494425,-0.7344911754495896,37.16299651541556
10.68,0.5345345345345345,-19.463628654719436,-7.2595938457658615,-13.10783110586427,-19.499914211344578,-19.565400620699723,4.393156099572853,35.96507758644846,-1.5132705500582564,36.86732663993114,12.141564721026631,-26.033329793427,25.481827938337386,5.934496554960648,-26.871769659489818,-0.44341675437327804,-19.590741501563922,-0.7368417489143558,-0.620081053284047,-6.813876685816063,6.029070806025254,-0.7374766692816779,37.16055891676933
10.700000000000001,0.5355355355355356,-19.464873217396153,-7.259197479937093,-13.10982388088918,-19.501681740355156,-19.56665784819349,4.406484847258405,35.97428653197631,-1.504721448264566,36.86620144205217,12.138880493553458,-26.0357916666913,25.47685350585138,5.9308570546411765,-26.862994979035175,-0.44531624738490594,-19.592515932818785,-0.7383155129596234,-0.6225866387796744,-6.816842962537673,6.0259097763001614,-0.7403816651888486,37.15813397726798
10.72,0.5365365365365365,-19.466126927132997,-7.258784348423634,-13.111824443795674,-19.50344600500858,-19.567914285056478,4.419713867505653,35.98342096511466,-1.4962711734879843,36.86512287072486,12.136197661770503,-26.038166414032812,25.471883721522556,5.927232918724343,-26.854264732522335,-0.44722564914523877,-19.59428194267435,-0.7397644079947101,-0.6250701099375984,-6.819787336880344,6.022747444657323,-0.7432074043788808,37.15572213892115
10.74,0.5375375375375375,-19.467389346424863,-7.2583544901568136,-13.113832304483202,-19.50520649047746,-19.569169559113828,4.432841486357418,35.99248100034781,-1.4879188688270395,36.86409045446945,12.133516644780201,-26.040455239402434,25.466918612436512,5.923624541657906,-26.845580080140227,-0.44914464463794085,-19.596038907971728,-0.7411887291127974,-0.6275310936904906,-6.822709505852829,6.019584244887307,-0.7459551455141137,37.153323829338596
10.76,0.5385385385385385,-19.46866003847131,-7.257907965152357,-13.115846973241348,-19.506962693943873,-19.570423304668424,4.445866130651707,36.00146678601197,-1.4796636531037775,36.86310368095329,12.130837857589311,-26.0426593748545,25.46195820886136,5.920032304447037,-26.836942127884814,-0.451072916438342,-19.59778622379918,-0.7425887713153396,-0.6299692395774896,-6.8256091845572655,6.016420607631701,-0.7486261622254059,37.15093946155648
10.78,0.5395395395395395,-19.469938567565183,-7.257444853924118,-13.117867961116072,-19.50871412489974,-19.571675162647978,4.458786326825185,36.010378502405366,-1.4715046237897664,36.86216199937416,12.128161710933457,-26.044780077909877,25.45700254423567,5.916456574759822,-26.828351928250196,-0.4530101449697566,-19.59952330369773,-0.7439648290582208,-0.6323842196533361,-6.828486105877149,6.013256960136314,-0.7512217407363156,37.1485694338949
10.8,0.5405405405405406,-19.471224499473582,-7.256965256865614,-13.1198947802698,-19.510460305414263,-19.57292478074318,4.471600699554211,36.01921635994247,-1.4634408597656487,36.86126482285928,12.125488611107066,-26.046818628993062,25.452051655153344,5.9128977070461355,-26.819810480986064,-0.4549560087582959,-19.60124957983281,-0.74531719584479,-0.6347757283570277,-6.831340020151632,6.010093726013995,-0.7537431775971346,37.14621412984582
10.82,0.5415415415415415,-19.4725174018104,-7.256469293602379,-13.121926944334902,-19.512200770368956,-19.574171813536847,4.484307970246182,36.02798059735502,-1.4554714239172262,36.86041153086956,12.12281895979873,-26.048776328946605,25.447105581345575,5.909356042668829,-26.811318733916007,-0.4569101846857446,-19.6029645031326,-0.7466461638633201,-0.6371434823416428,-6.834170694837772,6.006931325017075,-0.7561917775279619,37.14387391799082
10.84,0.5425425425425425,-19.473816844399835,-7.255957102318119,-13.123963968760114,-19.513935067660874,-19.575415922624153,4.496906955393838,36.03667147994236,-1.447595365571663,36.85960147159908,12.12015315393194,-26.050654496625516,25.442164365659906,5.905831910046223,-26.80287758381142,-0.45887234824008966,-19.60466754339379,-0.7479520236663912,-0.6394872202670598,-6.836977914162241,6.0037701728194195,-0.7585688513695986,37.14154915194752
10.86,0.5435435435435435,-19.475122399630195,-7.2554288390576795,-13.12600537114944,-19.51566275837476,-19.576656776723866,4.50939656480501,36.045289297873026,-1.4398117227779093,36.858833964360635,12.117491585511232,-26.052454466573888,25.437228054036517,5.902325624804925,-26.794487877315696,-0.46084217376330705,-19.606358189355618,-0.7492350638896798,-0.6418067025573594,-6.839761478763977,6.000610680808054,-0.7608757141406955,37.13924017034409
10.88,0.5445445445445445,-19.476433642797474,-7.2548846770097875,-13.128050671593163,-19.517383416924854,-19.577894051780657,4.521775799720098,36.05383436453914,-1.4321195244358857,36.8581083019485,12.114834641473749,-26.054177586785446,25.432296695481828,5.898837489942044,-26.786150411913702,-0.4628193346960325,-19.60803594874302,-0.7504955710076323,-0.6441017111247511,-6.842521205329107,5.997453255884317,-0.7631136831992704,37.13694729682052
10.9,0.5455455455455456,-19.47775015243815,-7.254324805772497,-13.130099392990585,-19.51909663116731,-19.579127431058506,4.534043750829253,36.06230701496509,-1.4245177922793304,36.857423752970284,12.112182703546221,-26.0558252165493,25.427370342039474,5.895367795995899,-26.77786593694156,-0.4648035038187597,-19.609700348279887,-0.751733829123526,-0.6463720490619118,-6.845256926219468,5.994298300274466,-0.7652840765064481,37.13467084005597
10.92,0.5465465465465466,-19.479071510650744,-7.253749430604228,-13.132151061364151,-19.520802002484103,-19.580356605225194,4.546199596200921,36.07070760427127,-1.4170055427175083,36.856779564140524,12.109536148107413,-26.057398724381766,25.422449048758786,5.89191682122438,-26.76963515463194,-0.4667943534892307,-19.61135093367341,-0.7529501197914469,-0.6486175403046517,-6.847968489095914,5.991146211349656,-0.7673882109900458,37.13241109382081
10.94,0.5475475475475475,-19.480397303405717,-7.253158771663203,-13.134205206164651,-19.52249914583942,-19.581581272427975,4.55824259913305,36.079036506193624,-1.4095817885412125,36.856174962529046,12.106895346056042,-26.05889948604469,25.41753287366083,5.888484831790134,-26.761458721190298,-0.46879155587570265,-19.612987269570574,-0.7541447218677679,-0.6508380292668509,-6.8506557565375505,5.987997381455193,-0.7694274010054307,37.13016833705255
10.96,0.5485485485485485,-19.481727120843328,-7.252553063238034,-13.136261360567216,-19.52418768980965,-19.582801138360423,4.570172105937801,36.08729411165947,-1.402245540498658,36.85560915775802,12.104260662684213,-26.060328882650424,25.41262187770212,5.88507208195181,-26.753337247897623,-0.4707947831857956,-19.614608939487876,-0.7553179113897736,-0.6530333804496218,-6.8533186056579565,5.984852197748962,-0.7714029568909201,37.12794283395434
10.98,0.5495495495495496,-19.483060557559128,-7.251932552972122,-13.138319061757837,-19.525867276588016,-19.58401591632058,4.581987543670227,36.09548082741954,-1.3949958087469914,36.855081344142086,12.101632457556393,-26.061688298853166,25.407716124736083,5.881678814260638,-26.745271302235402,-0.47280370789064685,-19.616215545715427,-0.7564699614791419,-0.6552034780266579,-6.855956927719371,5.981711042048902,-0.7733161836148625,37.12573483411491
11.0,0.5505505505505506,-19.484397212876818,-7.251297501084417,-13.140377851210202,-19.52753756196496,-19.585225327260417,4.593688417810841,36.10359707473643,-1.3878316041852066,36.8545907027667,12.099011084393963,-26.06297912112619,25.402815681472358,5.878305259761636,-26.737261409028843,-0.4748180029441174,-19.61780670919657,-0.7576011422680838,-0.6573482254077256,-6.858570627745764,5.978574290689401,-0.7751683795114389,37.123544572648846
11.02,0.5515515515515516,-19.48573669110822,-7.250648179589019,-13.142437274952634,-19.529198215285522,-19.586429099826727,4.605274309911575,36.111643288128825,-1.3807519396742864,36.854136403500334,12.09639689096538,-26.064202736124134,25.39792061743403,5.874951638198802,-26.72930805160443,-0.4768373419968167,-19.619382069384216,-0.7587117208460191,-0.6594675447822447,-6.86115962413564,5.975442314386486,-0.7769608351021448,37.12137227035604
11.040000000000001,0.5525525525525525,-19.487078601800206,-7.249984871515976,-13.144496883824953,-19.53084891938483,-19.58762697039357,4.616744875214072,36.11961991417134,-1.373755831150377,36.85371760693689,12.093790218981983,-26.06536052912928,25.393031004912878,5.871618158223667,-26.721411672958205,-0.4788613996047331,-19.620941284075077,-0.7598019612247698,-0.6615613766448832,-6.8637238482753435,5.972315478111652,-0.7786948319998641,37.119218133899004
11.06,0.5535535535535535,-19.488422559968427,-7.249307870135505,-13.146556233725134,-19.532489370502905,-19.5888186830863,4.628099840248778,36.12752741034908,-1.366842298636752,36.85333346626518,12.091191403999458,-26.06645388258059,25.388146918922747,5.868305017606644,-26.7135726769313,-0.4808898514322763,-19.62248402922303,-0.7608721243203426,-0.6636296793050677,-6.866263244153597,5.969194140974188,-0.780371641892412,37.11708235599698
11.08,0.5545545545545546,-19.489768186317725,-7.2486174781877795,-13.148614885845612,-19.53411927818,-19.590003989797413,4.639339000422769,36.13536624396624,-1.3600103671602541,36.852983129062935,12.088600775325018,-26.067484174683983,25.383268437151088,5.86501240345061,-26.705791429389507,-0.4829223744495591,-19.62400999873281,-0.7619224679494772,-0.6656724283822733,-6.868777767977921,5.966078656111841,-0.7819925256024101,37.11496511563564
11.1,0.5555555555555556,-19.491115107449225,-7.247914007120273,-13.150672406899163,-19.535738365133682,-19.591182650194256,4.650462217603715,36.1431368911077,-1.353259067577787,36.85266573901332,12.086018655930292,-26.06845277810224,25.378395639908792,5.861740492406235,-26.698068259403797,-0.4849586471237652,-19.625518904235232,-0.7629532468392389,-0.6676896162889242,-6.871267387793541,5.9629693705896605,-0.7835587322203617,37.11286657829118
11.120000000000001,0.5565565565565566,-19.492462956054027,-7.247197776334542,-13.15272836933427,-19.537346367118843,-19.592354431718782,4.661469417706891,36.1508398356527,-1.3465874373183162,36.852380437542394,12.083445362369966,-26.069361058722716,25.373528610078395,5.858489450888567,-26.69040346042898,-0.4869983496044685,-19.627010474845225,-0.7639647126480367,-0.6696812517026864,-6.873732083105323,5.959866625306861,-0.785071498307813,37.11078689616767
11.14,0.5575575575575575,-19.49381137109358,-7.246469112444193,-13.15478235153993,-19.53894303277183,-19.59351910957953,4.6723605882916175,36.15847556833922,-1.3399945210456845,36.852126365376535,12.080881204706168,-26.07021037450093,25.368667433060715,5.855259435294439,-26.682797291477826,-0.4890411639027892,-19.628484456903784,-0.7649571139965531,-0.6716473590298871,-6.876171844503247,5.956770754911531,-0.7865320471675137,37.10872620844646
11.16,0.5585585585585585,-19.49515999796677,-7.2457283485456525,-13.156833938039888,-19.54052812343989,-19.594676466735965,4.683135776173016,36.16604458587809,-1.3334793712473858,36.851902664019164,12.078326486438625,-26.071002074378036,25.363812196720026,5.852050592220292,-26.67524997828822,-0.4910867740642892,-19.629940613705116,-0.7659306965071757,-0.6735879778617401,-6.878586673291848,5.953682087723021,-0.7879415881775348,37.106684641546686
11.18,0.5595595595595596,-19.496508488663785,-7.244975823503249,-13.158882719676267,-19.54210141299708,-19.59582629387542,4.693795085054466,36.173547390115225,-1.3270410487542748,36.85170847714664,12.075781504440588,-26.071737497269968,25.358962991327868,5.848863058680019,-26.66776171448105,-0.4931348663355278,-19.6313787252101,-0.7668857028506192,-0.6755031624250011,-6.880976581124051,5.950600945661839,-0.7893013161863515,37.10466230939551
11.200000000000001,0.5605605605605606,-19.497856501906966,-7.244211881249951,-13.160928293782638,-19.543662687647767,-19.596968389382763,4.704338673185692,36.18098448724081,-1.3206786231959973,36.851542951923456,12.073246548900512,-26.072417971126136,25.35411990950552,5.845696962322496,-26.660332662706747,-0.4951851293242156,-19.632798587747256,-0.7678223727985295,-0.677392981028613,-6.883341589639735,5.9475276441868745,-0.7906124109659582,37.102659313707306
11.22,0.5615615615615616,-19.499203703278717,-7.2434368701050165,-13.16297026434655,-19.545211745718845,-19.598102559303058,4.714766751050917,36.18835638704393,-1.3143911733967384,36.851405240237405,12.070721903269497,-26.073044812055322,25.349283046165276,5.842552421648457,-26.65296295577862,-0.49723725415292186,-19.634200013702323,-0.7687409432809565,-0.6792575155078382,-6.885681730109378,5.944462492239782,-0.7918760367201494,37.100675744270575
11.24,0.5625625625625625,-19.500549765336714,-7.242651142109656,-13.16500824216159,-19.54674839744175,-19.59922861729741,4.7250795790911075,36.19566360221115,-1.3081777877156873,36.8512944998554,12.06820784421446,-26.073619323516553,25.344452498450558,5.839429546226432,-26.645652697791178,-0.49929093460630447,-19.635582831197574,-0.7696416484476754,-0.6810968606673085,-6.88799704308304,5.941405792196338,-0.7930933416451692,37.09871167924158
11.26,0.5635635635635635,-19.501894367716613,-7.241855052381712,-13.16704184496903,-19.548272464725304,-19.600346384592218,4.7352774654638825,36.202906647667604,-1.3020375643364164,36.85120989550132,12.065704641577007,-26.074142795572534,25.339628365674972,5.836328436907453,-26.638401965221927,-0.5013458672718503,-19.63694688376194,-0.7705247197324292,-0.6829111237243556,-6.89028757804495,5.938357839824605,-0.7942654575400144,37.09676718544386
11.28,0.5645645645645646,-19.503237197222475,-7.241048958490212,-13.169070697589163,-19.549783780920425,-19.60145568992209,4.745360763844257,36.21008603995908,-1.2959696115091692,36.85115059985716,12.063212558337998,-26.074616504203323,25.334810749260374,5.833249186038301,-26.6312108080152,-0.5034017516741246,-19.638292029992975,-0.7713903859192508,-0.6847004237539139,-6.892553393073919,5.9353189242497075,-0.7953934994637487,37.09484231867252
11.3,0.5655655655655656,-19.50457794790521,-7.240233219850569,-13.17109443204245,-19.551282190577673,-19.60255636946663,4.7553298712690175,36.21720229667352,-1.2899730477498506,36.85111579448915,12.06073185058773,-26.07504171067788,25.329999752674013,5.830191877673039,-26.62407925064679,-0.5054582904025454,-19.639618143211703,-0.7722388732101035,-0.6864648911362161,-6.894794554509747,5.932289327925058,-0.7964785654372744,37.092937124002525
11.32,0.5665665665665666,-19.505916321129295,-7.239408197141052,-13.173112687660572,-19.552767549198567,-19.603648266781388,4.765185226027143,36.22425593590044,-1.2840470019993069,36.8511046707008,12.058262767501715,-26.075419660981105,25.32519548136484,5.827156587782651,-26.617007293168268,-0.5075151892327091,-19.64092511111129,-0.7730704052931627,-0.688204667008433,-6.8970111366258156,5.929269326609844,-0.7975217361870894,37.091051636100026
11.34,0.5675675675675675,-19.507252025628052,-7.238574251741078,-13.17512511118755,-19.554239722981574,-19.604731232723193,4.774927305598335,36.23124747572679,-1.2781906137462917,36.85111643031478,12.055805551321978,-26.07575158529403,25.320398042699047,5.8241433844625705,-26.609994912230004,-0.5095721572413086,-19.642212835400528,-0.7738852034111304,-0.6899199027213342,-6.899203221307978,5.9262591893525975,-0.7985240749286449,37.089185879536
11.36,0.5685685685685685,-19.50858477754786,-7.237731745191741,-13.177131356871081,-19.55569858856366,-19.605805125370136,4.784556624641426,36.238177433767696,-1.2724030331173093,36.8511502863859,12.053360437343839,-26.07603869752483,25.315607545894895,5.82115232813795,-26.603042062082086,-0.5116289069146949,-19.643481231442983,-0.7746834864290496,-0.6916107593019759,-6.901370897739869,5.923259178480672,-0.7994866271870038,37.0873398691013
11.38,0.5695695695695696,-19.509914300481555,-7.236881038678929,-13.179131086544256,-19.55714403275817,-19.606869809936487,4.79407373303408,36.24504632673057,-1.2666834209363416,36.851205463847435,12.05092765390807,-26.076282194888357,25.310824101956946,5.818183471766515,-26.596148675552385,-0.5136851542511457,-19.644730227892744,-0.7754654709011483,-0.6932774069233514,-6.903514262094726,5.920269549595443,-0.8004104206525914,37.085513610122526
11.4,0.5705705705705706,-19.511240325491435,-7.236022492539233,-13.181123969697817,-19.558575952289864,-19.607925158682797,4.803479213964963,36.25185467001114,-1.2610309487572773,36.851281200093304,12.048507422398378,-26.076483257531915,25.306047823609692,5.815236861038855,-26.589314665001197,-0.5157406188569134,-19.64595976632751,-0.7762313711363055,-0.6949200243818666,-6.90563341723379,5.917290551573064,-0.8012964650699103,37.08370709877782
11.42,0.5715715715715716,-19.512562591122197,-7.235156465788832,-13.183109683543178,-19.559994253527822,-19.608971050821445,4.812773682079274,36.258602977320024,-1.2554447988716801,36.8513767454985,12.046099957244111,-26.076643048205042,25.30127882523074,5.81231253457605,-26.582539923251968,-0.5177950240361359,-19.647169800879915,-0.7769813992617909,-0.6965387985834369,-6.9077284724113435,5.9143224265705845,-0.8021457521571832,37.08192032241209
11.44,0.5725725725725725,-19.51388084340414,-7.23428331567539,-13.185087913066381,-19.561398852216932,-19.610007372417936,4.821957781678266,36.265291760338194,-1.249924164294361,36.85149136388035,12.043705465928113,-26.076762711971156,25.29651722278352,5.80941052412451,-26.57582432449773,-0.5198480968747021,-19.64836029786773,-0.7777157652849799,-0.6981339240389298,-6.909799542986421,5.911365410037269,-0.8029592555549688,37.08015325985094
11.46,0.5735735735735735,-19.515194835847083,-7.2334033972529515,-13.187058351073201,-19.562789673208577,-19.61103401628818,4.83103218497321,36.27192152840022,-1.2444682487290477,36.85162433290329,12.041324148999596,-26.07684337595887,25.291763133749694,5.806530854747948,-26.569167725182943,-0.521899568318171,-19.64953123542374,-0.7784346771527989,-0.6997056023696139,-6.911846750141207,5.9084197307309365,-0.8037379308018814,37.07840588171277
11.48,0.5745745745745746,-19.516504329425292,-7.232517062979754,-13.189020698225617,-19.564166650191186,-19.61205088189206,4.839997590393983,36.27849278820373,-1.239076266516289,36.85177494442964,12.038956200091969,-26.076886149150944,25.287016677061196,5.803673545016399,-26.562569964860565,-0.5239491732438522,-19.65068260312593,-0.7791383408086984,-0.701254041823206,-6.913870220606138,5.90548561073914,-0.804482715335625,37.0766781507185
11.5,0.5755755755755756,-19.51780909255387,-7.231624662338789,-13.190974663069873,-19.565529725421186,-19.613057875223536,4.848854720952338,36.28500604354382,-1.233747442565573,36.85194250481916,12.036601805945464,-26.076892122208836,25.28227797303209,5.800838607192218,-26.556030867024248,-0.5259966505271625,-19.651814401628606,-0.7798269602469932,-0.7027794568010496,-6.915870086391703,5.902563265505018,-0.8051945285176361,37.07497002199836
11.52,0.5765765765765766,-19.51910890105695,-7.230726541480885,-13.19291996205636,-19.5668788494549,-19.614054908697575,4.857604322659679,36.291461795071164,-1.2284810122734935,36.85212633517986,12.034261146434485,-26.076862367330865,25.277547143290235,5.798026047413008,-26.549550239915597,-0.5280417431023785,-19.652926642295068,-0.7805007375644503,-0.7042820673968901,-6.917846484526912,5.899652903857648,-0.8058742716797048,37.07328144339535
11.540000000000001,0.5775775775775776,-19.520403538128114,-7.229823042890035,-13.19485631955154,-19.56821398088189,-19.615041901034154,4.866247162999062,36.29786054007251,-1.2232762214296602,36.85232577157292,12.031934394599515,-26.076797938142093,25.272824310708813,5.795235865871419,-26.54312787730655,-0.5300841980179107,-19.65401934683238,-0.7811598730090339,-0.705762098947661,-6.919799556804431,5.896754728046723,-0.8065228281910216,37.07161235576491
11.56,0.5785785785785785,-19.5216927942834,-7.228914505070631,-13.196783467842186,-19.5695350860602,-19.616018777139605,4.874784029450963,36.30420277227238,-1.2181323261119137,36.85254016517403,12.029621716683502,-26.0766998696141,25.26810959933783,5.79246805699179,-26.536763559256972,-0.5321237664862308,-19.65509254692876,-0.7818045650257538,-0.7072197815966292,-6.921729449532321,5.893868933781386,-0.8071410635441709,37.0699626932704
11.58,0.5795795795795796,-19.52297646730729,-7.22800126225621,-13.198701147132136,-19.570842138853916,-19.616985467985586,4.883215728072248,36.3104889816548,-1.2130485925722831,36.85276888239388,12.02732327217255,-26.076569178012818,25.26340313433559,5.789722609603605,-26.530457052847645,-0.5341602039285867,-19.65614628389406,-0.7824350102995871,-0.7086553498692028,-6.923636313292347,5.890995710273054,-0.8077298254586655,37.06833238367401
11.6,0.5805805805805806,-19.524254362192085,-7.227083644139299,-13.20060910553185,-19.572135120373442,-19.617941910485897,4.891543082127669,36.31671965430392,-1.2080242971150044,36.85301130496035,12.025039213840799,-26.076406860872776,25.25870504190022,5.786999507111733,-26.52420811288882,-0.5361932700146445,-19.65718060830381,-0.7830514037954704,-0.7100690422616416,-6.925520302704814,5.888135240282062,-0.8082899440006828,37.0667213486229
11.620000000000001,0.5815815815815816,-19.525526291071017,-7.226161975621867,-13.202507099041,-19.57341401871882,-19.61888804737141,4.89976693077309,36.32289527226245,-1.2030587259678072,36.85326682996461,12.022769687799356,-26.076213896996023,25.254015449201322,5.784298727663452,-26.51801648260467,-0.5382227286971997,-19.658195579647234,-0.7836539387953813,-0.7114611008428726,-6.927381576199853,5.885287700167965,-0.8088222317177353,37.065129503930045
11.64,0.5825825825825826,-19.526792073145508,-7.225236576585905,-13.204394891524352,-19.574678828726455,-19.619823827063374,4.90788812778959,36.329016313406875,-1.1981511751475735,36.85353486987384,12.02051483354913,-26.075991246474196,25.24933448431174,5.781620244312244,-26.51188189429385,-0.5402483482421023,-19.65919126597957,-0.7842428069325468,-0.7128317708695546,-6.929220295795101,5.88245325994333,-0.8093274837870679,37.06355675984981
11.66,0.5835835835835835,-19.528051534606938,-7.224307761683572,-13.206272254681188,-19.575929551719472,-19.6207492035453,4.915907540367487,36.33508325133836,-1.1933009503213716,36.8538148525126,12.01827478403743,-26.07573985073218,25.24466227613957,5.77896402517836,-26.505804069966644,-0.5422699012535429,-19.660167743579134,-0.7848181982228353,-0.7141813004144995,-6.931036626879703,5.879632083330857,-0.8098064781766406,37.06200302134776
11.68,0.5845845845845846,-19.529304508553267,-7.223375840146368,-13.208138968008539,-19.577166195262045,-19.62166413623369,4.923826047939282,36.341096555288495,-1.1885073666637795,36.85410622101531,12.016049665718162,-26.075460632591902,25.23999895436042,5.776330033606159,-26.49978272195893,-0.544287164694848,-19.661125096609354,-0.7853803010933992,-0.715509940008511,-6.932830738004554,5.876824327823671,-0.8102599758176143,37.060468188364716
11.700000000000001,0.5855855855855856,-19.530550834900904,-7.222441115612737,-13.209994818758462,-19.57838877291784,-19.622568589847805,4.9316445410604555,36.34705669003885,-1.1837697487113252,36.85440843375189,12.01383959861551,-26.075154496354838,25.235344649349933,5.773718228318246,-26.493817553523513,-0.5462999199049356,-19.662063416786115,-0.7859293024086546,-0.7168179422956643,-6.934602800678715,5.8740301447486285,-0.8106887207873136,37.05895215607472
11.72,0.5865865865865866,-19.531790360292167,-7.221503885973494,-13.21183960188964,-19.579597304012847,-19.623462534278744,4.9393639203370014,36.35296411585353,-1.1790874302147893,36.85472096422876,12.011644696390913,-26.07482232790192,25.23069949211672,5.771128563566399,-26.48790825939917,-0.5483079526105822,-19.662982803050657,-0.7864653874936871,-0.7181055617020116,-6.936352989171896,5.8712496793324656,-0.811093440501699,37.057454815136914
11.74,0.5875875875875876,-19.533022937998663,-7.22056444323447,-13.213673120013535,-19.580791813402737,-19.62434594445797,4.946985095398558,36.35881928842384,-1.1744597539900465,36.855043300967054,12.00946506641321,-26.07446499480954,25.226063614235628,5.768560989279336,-26.482054526357903,-0.5503110529346493,-19.663883361248246,-0.7869887401551885,-0.7193730541176641,-6.938081480322935,5.868483070770663,-0.8114748459164316,37.055976051941094
11.76,0.5885885885885885,-19.534248427820952,-7.219623073395729,-13.215495183335378,-19.58197233124491,-19.62521880022556,4.954508983915953,36.3646226588242,-1.1698860717680475,36.855374947360175,12.00730080983179,-26.07408334648043,25.221437147781483,5.766015451207317,-26.47625603373091,-0.5523090154004255,-19.664765203812852,-0.7874995427000316,-0.7206206765921709,-6.93978845335418,5.865730452298841,-0.8118336317356658,37.054515748846875
11.78,0.5895895895895896,-19.535466695984788,-7.218680056346731,-13.217305609590209,-19.583138892775363,-19.626081086198322,4.961936510661958,36.370374673478715,-1.1653657440444825,36.8557154215124,12.005152021652599,-26.073678214288275,25.216820225263294,5.763491891063631,-26.470512453913702,-0.5543016389322308,-19.66562844945797,-0.7879979759515989,-0.7218486870430819,-6.941474089691674,5.8629919512665705,-0.8121704766277528,37.05307378441641
11.8,0.5905905905905906,-19.536677615034286,-7.217735665776781,-13.219104223974254,-19.584291538090493,-19.626932791637998,4.969268606614041,36.37607577413738,-1.1608981399296094,36.85606425606033,12.003018790816846,-26.073250411734914,25.212212979558974,5.76099024666298,-26.464823452850958,-0.5562887268524366,-19.666473222873787,-0.7884842192639834,-0.7230573439775575,-6.943138572791048,5.860267689213412,-0.812486043447087,37.05165003364063
11.82,0.5915915915915916,-19.53788106372232,-7.216790169100125,-13.220890859071856,-19.58543031193392,-19.62777391031972,4.976506208097884,36.381726397861506,-1.1564826369986707,36.85642099797888,12.000901200282257,-26.0728007346191,25.20761554385063,5.7585104520568136,-26.459188690501566,-0.5582700868750483,-19.667299654430778,-0.7889584505341818,-0.7242469062268603,-6.944782087969029,5.857557781947078,-0.8127809794613693,37.050244368158886
11.84,0.5925925925925926,-19.539076926898414,-7.21584382739504,-13.222665354778224,-19.586555263488375,-19.628604440400892,4.983650255970431,36.38732697701754,-1.152118621143279,36.856785208373424,11.99879932710673,-26.072329961215832,25.203028051560427,5.756052437665629,-26.45360782128445,-0.5602455310960004,-19.668107879889895,-0.7894208462124068,-0.7254176326935438,-6.946404822240464,5.8548623396235415,-0.8130559165836057,37.04885665647208
11.86,0.5935935935935935,-19.540265095394467,-7.2148968953562695,-13.224427558218224,-19.587666446172765,-19.629424384290655,4.990701694841233,36.39287793927862,-1.1478054864240999,36.857156462259525,11.996713242534227,-26.071838852465262,25.19845063628711,5.7536161304082905,-26.44808049450565,-0.5622148759803095,-19.668898040119387,-0.7898715813106398,-0.7265697821111294,-6.948006964160745,5.852181466828975,-0.8133114716081992,37.04748676414921
11.88,0.5945945945945946,-19.541445465908552,-7.213949621260154,-13.226177323661465,-19.58876391744439,-19.6302337485201,4.997661472330855,36.398379707633396,-1.143542634925121,36.85753434833174,11.994643012082772,-26.071328152170334,25.193883431743156,5.751201453828403,-26.44260635476725,-0.5641779423462303,-19.66967028081837,-0.7903108294095499,-0.7277036128160463,-6.949588703673557,5.849515262663366,-0.8135482464505331,37.046134554027354
11.9,0.5955955955955956,-19.54261794088707,-7.213002246941827,-13.227914512433895,-19.589847738606355,-19.63103254361338,5.004530538365129,36.40383270040142,-1.1393294766097593,36.857918468722865,11.992588695634383,-26.07079858720226,25.189326571692668,5.748808328217781,-26.43718504235866,-0.5661345553465574,-19.670424752247154,-0.7907387626639011,-0.7288193825315911,-6.95115023196382,5.84686382082568,-0.8137668283894801,37.044799886405166
11.92,0.5965965965965966,-19.543782428405503,-7.212055007783841,-13.229638992826144,-19.59091797462021,-19.63182078395981,5.011309844504028,36.409237331254644,-1.135165429179017,36.85830843875484,11.990550347526813,-26.070250867713057,25.18478018988995,5.746436670737053,-26.431816193630812,-0.5680845444472136,-19.67116160896442,-0.7911555518065713,-0.7299173481636491,-6.952691741315743,5.844227229700443,-0.8139677903123053,37.04348261922992
11.94,0.5975975975975976,-19.54493884204803,-7.211108132715592,-13.23135063999885,-19.591974693923763,-19.632598487687183,5.0180003433039735,36.41459400924446,-1.1310499179318718,36.85870388668249,11.988528016646937,-26.069685687354387,25.18024442001889,5.744086395533452,-26.426499441353805,-0.5700277434032622,-19.67188100957122,-0.7915613661513012,-0.7309977656079071,-6.9542134249758725,5.841605572445601,-0.8141516909614683,37.0421826082781
11.96,0.5985985985985985,-19.546087100786217,-7.210161844222951,-13.233049335885143,-19.59301796825408,-19.633365676536304,5.024602987712383,36.41990313883385,-1.1269823756280546,36.85910445343132,11.98652174652566,-26.069103723501932,25.175719395633102,5.741757413855837,-26.421234415058517,-0.5719639902324798,-19.67258311646182,-0.7919563735942907,-0.732060889568275,-6.955715477021037,5.838998927081548,-0.8143190751828595,37.04089970732965
11.98,0.5995995995995996,-19.54722712885703,-7.209216358367481,-13.234734969090573,-19.594047872475656,-19.63412237573694,5.0311187304933,36.42516511993416,-1.1229622423533374,36.85950979233028,11.984531575434195,-26.068505637484726,25.171205250096897,5.73944963416699,-26.416020741362747,-0.5738931271866211,-19.6732680955814,-0.7923407406147551,-0.7331069733862237,-6.9571980922310805,5.836407366581179,-0.8144704741750337,37.039633768336
12.0,0.6006006006006006,-19.548358855640362,-7.20827188481466,-13.23640743479061,-19.595064484413673,-19.634868613885267,5.037548523682962,36.430380347946034,-1.1189889653874396,36.85991956884056,11.982557536481567,-26.0678920748187,25.166702116527098,5.737162962253225,-26.410858044282374,-0.575815000720508,-19.673936116190575,-0.7927146322745532,-0.7341362688807406,-6.958661465966279,5.833830958960864,-0.8146064057390392,37.03838464158188
12.02,0.6016016016016016,-19.54948221553628,-7.2073286268705425,-13.238066634625985,-19.596067884692353,-19.635604422822897,5.043893318074183,36.435549213804215,-1.115061999074628,36.86033346028132,11.980599657713228,-26.06726366544394,25.162210127735726,5.734897301331385,-26.405745945528096,-0.5777294614590666,-19.674587350636696,-0.7930782122169916,-0.7351490261985943,-6.960105794049343,5.8312697673722145,-0.8147273745284613,37.03715217584101
12.040000000000001,0.6026026026026026,-19.550597147842183,-7.206386781526295,-13.239712476596026,-19.5970581565783,-19.636329837517582,5.050154062728452,36.44067210402569,-1.1111808046970757,36.86075115555313,11.978657962210637,-26.06662102396501,25.157729416173577,5.732652552153238,-26.40068406478821,-0.5796363641624401,-19.675221974131908,-0.7934316426649086,-0.7361454936745979,-6.961531272651892,5.828723850194531,-0.8148338722993301,37.03593621852591
12.06,0.6036036036036035,-19.551703596630084,-7.2054465395100635,-13.241344874950208,-19.59803538582881,-19.637044895945685,5.056331704514683,36.44574940076089,-1.1073448503510221,36.86117235486,11.976732468191674,-26.0659647498939,25.153260113874712,5.7304286131073505,-26.395672019997967,-0.5815355676892947,-19.675840164537906,-0.7937750844181342,-0.7371259177015527,-6.962938098185305,5.826193261127826,-0.8149263781595644,37.03473661583177
12.08,0.6046046046046046,-19.552801510624118,-7.204508085345645,-13.242963750078093,-19.598999660545047,-19.63774963897648,5.062427187673561,36.45078148184766,-1.1035536108257622,36.86159676943062,11.974823189111776,-26.065295427895034,25.148802352401894,5.728225380318471,-26.390709427596,-0.5834269349584387,-19.676442102157335,-0.7941086968504205,-0.7380905426095555,-6.964326467195838,5.823678049286303,-0.8150053588176484,37.033553212874544
12.1,0.6056056056056056,-19.55389084307851,-7.203571597417459,-13.244569028397837,-19.59995107103006,-19.63844411025837,5.068441453406465,36.45576872086756,-1.0998065674854798,36.86202412123955,11.97293013376566,-26.064613628031907,25.14435626279297,5.726042747744475,-26.385795902768265,-0.5853103329088675,-19.677027969531746,-0.7944326379059305,-0.7390396105543475,-6.965696576263914,5.821178259292196,-0.8150712688302602,37.03238585382349
12.120000000000001,0.6066066066066066,-19.554971551656095,-7.20263724804132,-13.24616064224345,-19.60088970965148,-19.63912835610704,5.074375439487989,36.460711487204286,-1.0961032081539275,36.86245414272894,11.971053306389521,-26.063919906014934,25.139921975508244,5.723880607270917,-26.380931059680016,-0.5871856324583467,-19.67759795124606,-0.7947470640953695,-0.7399733614143826,-6.9670486219074705,5.818693931369866,-0.815124550848591,37.03123438202813
12.14,0.6076076076076076,-19.556043598307582,-7.201705203540539,-13.247738529750963,-19.6018156707089,-19.639802425395654,5.080230079901074,36.46561014610393,-1.0924430270019414,36.862886576531366,11.969192706763595,-26.06321480345009,25.135499620378823,5.7217388488032475,-26.376114511696247,-0.5890527084606396,-19.678152233739432,-0.7950521304918379,-0.7408920326962964,-6.968382800489278,5.816225101440049,-0.8151656358631153,37.03009864013985
12.16,0.6086086086086087,-19.55710694915166,-7.200775624326892,-13.249302634743694,-19.602729050305804,-19.640466369447097,5.086006304493833,36.47046505873678,-1.088825524437776,36.86332117519422,11.96734833031496,-26.062498848087966,25.131089326555998,5.7196173603567235,-26.37134587159106,-0.5909114396614844,-19.678691005122438,-0.7953479907264808,-0.7417958594484536,-6.969699308128118,5.81377180121417,-0.8151949434465903,37.028978470228246
12.18,0.6096096096096096,-19.558161574356067,-7.199848664986026,-13.250852906616727,-19.60362994622596,-19.641120241928324,5.0917050386571585,36.475276582260435,-1.0852502070002297,36.86375770090623,11.965520168220486,-26.061772554072896,25.12669122246162,5.717516028144082,-26.366624751746382,-0.592761708653421,-19.679214455000487,-0.7956347969840041,-0.7426850741822567,-6.970998340613732,5.811334058288631,-0.8152128819950817,37.02787371389238
12.200000000000001,0.6106106106106106,-19.55920744801977,-7.1989244743668666,-13.2523893002208,-19.604518457814194,-19.64176409874686,5.097327203022217,36.48004506988402,-1.0817165872545267,36.8641959252264,11.96370820750981,-26.06103642219184,25.12230543573954,5.715434736661007,-26.361950764340484,-0.5946034018295656,-19.679722774303364,-0.7959126999981216,-0.743559906800902,-6.972280093325428,5.808911896238973,-0.8152198489668296,37.02678421236701
12.22,0.6116116116116116,-19.56024454805633,-7.198003195674636,-13.25391177574572,-19.605394685861427,-19.642397997949463,5.102873713176997,36.484770870933275,-1.0782241836909157,36.86463562881593,11.961912431168265,-26.06029094012271,25.11793209320809,5.713373368769438,-26.357323521526684,-0.5964364093364258,-19.680216155120803,-0.7961818490469952,-0.7444205845352696,-6.9735447611542645,5.806505334713837,-0.8152162311187827,37.02570980662402
12.24,0.6126126126126126,-19.561272856078553,-7.197084966567085,-13.255420298603456,-19.606258732493924,-19.64302199962297,5.108345479401081,36.48945433091632,-1.074772520625939,36.86507660117324,11.960132818239629,-26.05953658268187,25.113571320813623,5.711331805778774,-26.35274263560267,-0.5982606250258488,-19.680694790543946,-0.7964423919487226,-0.7452673318866404,-6.974792538428704,5.804114389528647,-0.8152024047406468,37.0246503374691
12.26,0.6136136136136137,-19.56229235728454,-7.196169919253574,-13.256914839311035,-19.607110701066606,-19.643636165797375,5.113743406417833,36.494095791589906,-1.0713611281063218,36.86551864037258,11.958369343928632,-26.05877381207053,25.10922324358513,5.709309927525009,-26.348207719170805,-0.600075946406187,-19.681158874512647,-0.796694475056927,-0.7461003705759385,-6.976023618843644,5.801739072758921,-0.8151787358863071,37.02360564563388
12.280000000000001,0.6146146146146146,-19.563303040345197,-7.195258180596655,-13.258395373373391,-19.60795069606035,-19.64424056035113,5.119068393163248,36.498695591026035,-1.067989541815426,36.86596155280638,11.956621979703124,-26.058003078119857,25.104887985589937,5.707307612447848,-26.343718385289804,-0.6018822745927679,-19.68160860166844,-0.7969382432564949,-0.746919919499198,-6.977238195392739,5.799379392833147,-0.8151455806024952,37.02257557186367
12.3,0.6156156156156156,-19.564304897293265,-7.194349872215814,-13.259861881166266,-19.60877882298318,-19.644835248918668,5.124321332570715,36.5032540636787,-1.0646573029822135,36.86640515293174,11.954890693395807,-26.057224818534483,25.100565669890496,5.705324737665847,-26.33927424761815,-0.6036795142577461,-19.68204416721309,-0.797173839959505,-0.7477261946889663,-6.978436460303904,5.797035354625152,-0.8151032851545877,37.02155995700082
12.32,0.6166166166166166,-19.565297923413993,-7.193445110593063,-13.261314347819285,-19.60959518827524,-19.645420298800193,5.129503111370976,36.50777154045069,-1.061363958292657,36.86684926302099,11.953175449305467,-26.056439459134317,25.096256418502268,5.703361179049613,-26.33487492054959,-0.6054675735794166,-19.6824657667726,-0.7974014071013901,-0.7485194092813537,-6.97961860497793,5.794706959545885,-0.8150521862494329,37.02055864206402
12.34,0.6176176176176176,-19.566282117137458,-7.192544007180075,-13.26275276309934,-19.610399899217455,-19.645995778873687,5.13461460990659,36.512248348760245,-1.0581090598035365,36.86729371291683,11.951476208297619,-26.055647414094405,25.09196035235271,5.70141681129312,-26.330520019341094,-0.607246364191062,-19.682873596266578,-0.7976210851373665,-0.7492997734884521,-6.98078481993011,5.792394205634567,-0.8149926112551139,37.01957146832349
12.36,0.6186186186186187,-19.56725747993261,-7.191646668506579,-13.264177121294347,-19.61119306384378,-19.64656175950918,5.1396567019602415,36.5166848126075,-1.0548921648585596,36.867738339791984,11.94979292790449,-26.0548490861827,25.08767759124138,5.699491507983169,-26.32620916023353,-0.6090158011294055,-19.68326785178278,-0.7978330130391631,-0.750067494575848,-6.9819352947347815,5.790097087649124,-0.8149248784175687,37.018598277372384
12.38,0.6196196196196196,-19.568224016203093,-7.190753196289753,-13.265587421097532,-19.611974790856916,-19.647118312485244,5.144630254596252,36.52108125264061,-1.0517128360067396,36.86818298791352,11.948125562424279,-26.054044866995575,25.08340825380113,5.697585141667038,-26.321941960565468,-0.6107758027827359,-19.683648729456795,-0.7980373282920793,-0.7508227768449641,-6.983070217972711,5.787815597155863,-0.8148492970739949,37.01763891119435
12.4,0.6206206206206206,-19.56918173318488,-7.1898636875443485,-13.26698366549228,-19.612745189547454,-19.64766551090772,5.149536128014678,36.52543798622136,-1.0485706409229667,36.8686275084121,11.946474063019613,-26.053235137190953,25.07915245746045,5.695697583918362,-26.317718038880322,-0.6125262908387715,-19.684016425356685,-0.7982341668923981,-0.7515658216199701,-6.98418977718123,5.785549722618326,-0.814766167862979,37.016693212227516
12.42,0.6216216216216216,-19.570130640845765,-7.188978234693322,-13.268365861637696,-19.61350436971625,-19.648203429130646,5.154375175417408,36.52975532749028,-1.0454651523307066,36.86907175905601,11.944838377815154,-26.05242026671892,25.074910318406886,5.69382870540128,-26.313537015027233,-0.6142671902323219,-19.684371135372473,-0.7984236633451756,-0.7522968272390101,-6.985294158807039,5.783299449485271,-0.8146757829312968,37.01576102342501
12.44,0.6226226226226226,-19.57107075178673,-7.188096925678744,-13.26973402075492,-19.614252441600055,-19.64873214267938,5.159148242885678,36.53403358743109,-1.0423959479267626,36.86951560403032,11.943218451994287,-26.051600615049693,25.070681951551617,5.691978375932895,-26.30939851025587,-0.6159984290928076,-19.684713055110386,-0.7986059506624256,-0.7530159890495032,-6.986383548161592,5.781064760277732,-0.814578426137342,37.014842188312045
12.46,0.6236236236236237,-19.57200208114523,-7.187219844072772,-13.271088158014305,-19.614989515800193,-19.649251728175926,5.16385616926848,36.53827307393447,-1.039362610308033,36.8699589137209,11.941614227894826,-26.050776531398892,25.066467470495123,5.690146464544067,-26.30530214730552,-0.6177199386916936,-19.685042379791682,-0.7987811603617183,-0.7537234994072777,-6.987458129378989,5.7788456346751085,-0.8144743732511446,37.013936551039855
12.48,0.6246246246246246,-19.5729246465004,-7.186347069188502,-13.27242829242352,-19.615715703214278,-19.64976226326639,5.168499786081319,36.54247409186102,-1.0363647269002019,36.87040156450366,11.94002564510371,-26.049948354949944,25.062266987493988,5.688332839538594,-26.30124755048864,-0.6194316533898893,-19.68535930415599,-0.7989494224652047,-0.7544195476793126,-6.988518085376291,5.776642049600246,-0.8143638921509522,37.013043956436434
12.5,0.6256256256256256,-19.57383846778023,-7.185478676190503,-13.27375444671665,-19.616431114970805,-19.65026382655057,5.173079917414822,36.54663694310336,-1.0334018898882986,36.8708434385388,11.938452640550604,-26.049116415073616,25.0580806134288,5.6865373685508125,-26.29723434576921,-0.6211335105851639,-19.685664022369014,-0.7991108654990783,-0.7551043202498616,-6.989563597816185,5.7744539793034635,-0.8142472430163498,37.01216425005433
12.52,0.6266266266266266,-19.574743567170685,-7.184614736204884,-13.275066647244367,-19.6171358623666,-19.650756497513683,5.177597379852723,36.550761926647354,-1.0304736961490608,36.87128442357015,11.936895148600406,-26.048281031544562,25.05390845777318,5.684759918601638,-26.293262160836065,-0.6228254506596274,-19.685956727934474,-0.7992656164934844,-0.7557780005297458,-6.990594847071915,5.7722813954454875,-0.8141246785179036,37.01129727821557
12.540000000000001,0.6276276276276276,-19.57563996902681,-7.183755316428703,-13.276364923865232,-19.617830056806966,-19.651240356460132,5.182052982398751,36.55484933863235,-1.027579747185042,36.87172441272967,11.935353101144564,-26.047442514754827,25.049750628563924,5.6830003561531,-26.289330625171488,-0.6245074169273196,-19.6862376136102,-0.7994138009828823,-0.7564407689686095,-6.991612012194406,5.770124267179269,-0.8139964440033183,37.01044288805377
12.56,0.6286286286286287,-19.576527699785807,-7.182900480238623,-13.27764930983818,-19.61851380974849,-19.651715484449362,5.1864475264119845,36.55889947241043,-1.024719649060401,36.87216330434693,11.933826427691207,-26.04660116592428,25.04560723237224,5.68125854716139,-26.28543937011524,-0.6261793555819507,-19.686506871328216,-0.7995555430068663,-0.757092803069939,-6.992615270881523,5.767982561230635,-0.8138627776801022,37.00960092755362
12.58,0.6296296296296297,-19.577406787882097,-7.182050287298622,-13.278919841716249,-19.619187232644393,-19.652181963233705,5.190781805550238,36.56291261860461,-1.0218930123383116,36.87260100176372,11.932315055454035,-26.045757277307885,25.041478374276092,5.679534357128467,-26.281588028924286,-0.6278412156448333,-19.68676469211876,-0.7996909651114468,-0.7577342774086525,-6.993604799449363,5.765856241977761,-0.813723910794743,37.008771245587894
12.6,0.6306306306306306,-19.578277263664354,-7.181204793666679,-13.2801765592416,-19.619850436892367,-19.65263987519824,5.195056605721088,36.56688906516594,-1.0190994520199408,36.87303741315365,11.930818909439932,-26.044911132399818,25.037364157833636,5.6778276511522385,-26.277776236828416,-0.6294929489130434,-19.687011266038052,-0.7998201883507944,-0.7583653636510777,-6.99458077280554,5.763745271529422,-0.8135800678083981,37.00795369195189
12.620000000000001,0.6316316316316316,-19.579139159314526,-7.180364051900307,-13.281419505241884,-19.620503533784785,-19.653089303302597,5.199272705040129,36.570829097429545,-1.0163385874849284,36.87347245134669,11.92933791253528,-26.044063006134373,25.03326468505776,5.67613829397536,-26.274003631081918,-0.6311345099078457,-19.687246782099745,-0.7999433322894444,-0.7589862305771391,-6.995543364424374,5.761649609802017,-0.8134314665691085,37.00714811739565
12.64,0.6326326326326326,-19.57999250876881,-7.179528111160818,-13.282648725527972,-19.62114663446122,-19.653530331024673,5.203430873796111,36.574732998169466,-1.0136100424333232,36.87390603365871,11.927871985590938,-26.04321316508362,25.029180056391688,5.674466150032678,-26.270269851011545,-0.6327658558234158,-19.68747142820995,-0.8000605150049612,-0.7595970441045882,-6.996492746323933,5.759569214595323,-0.8132783184805528,37.00635437365392
12.66,0.6336336336336337,-19.580837347640596,-7.178697017316247,-13.28386426879312,-19.621779849863202,-19.65396304230625,5.20753187442257,36.578601047652384,-1.0109134448289137,36.87433808172577,11.92642104750587,-26.04236186765185,25.025110370685685,5.672811083497341,-26.266574538060937,-0.6343869464758913,-19.687685391105695,-0.8001718530910588,-0.7601979673151095,-6.9974290890448465,5.7575040416669765,-0.8131208286673568,37.005572313473934
12.68,0.6346346346346347,-19.581673713145346,-7.177870813042838,-13.285066186513584,-19.62240329069114,-19.65438752150045,5.21157646147564,36.582433523690135,-1.0082484268439058,36.87476852134329,11.92498501530939,-26.04150936426671,25.02105572517479,5.6711729583256245,-26.26291733583166,-0.6359977442527796,-19.687888856296738,-0.8002774616611706,-0.7607891604821526,-6.998352561630833,5.755454044805657,-0.8129591961369809,37.0048017906412
12.700000000000001,0.6356356356356356,-19.582501644027417,-7.177049537925015,-13.28625453285071,-19.623017067363275,-19.654803853321013,5.215565381617696,36.586230701691086,-1.0056146248048952,36.87519728230995,11.92356380424201,-26.04065589756711,25.017016215457662,5.669551638300476,-26.25929789012104,-0.6375982140627495,-19.688082008010614,-0.8003774543524668,-0.7613707811003375,-6.999263331610888,5.7534191759029625,-0.8127936139382097,37.00404266000335
12.72,0.6366366366366366,-19.583321180488795,-7.1762332285537775,-13.287429364554567,-19.623621289976704,-19.655212122793337,5.219499373606538,36.58999285471023,-1.0030116791400832,36.87562429827619,11.922157327834867,-26.03980170258783,25.01299193547643,5.667946987073819,-26.255715848956957,-0.6391883232858327,-19.68826502914082,-0.8004719433303066,-0.7619429839162942,-7.000161564983058,5.7513993850239515,-0.8126242693162714,37.00329477749205
12.74,0.6376376376376376,-19.584132364119718,-7.175421918623449,-13.288590740869088,-19.62421606827028,-19.65561241520727,5.223379168289785,36.59372025349816,-1.0004392343276933,36.87604950659735,11.920765497987727,-26.038947006940855,25.008982977497595,5.666358868207649,-26.25217086262973,-0.6407680417240563,-19.688438101198017,-0.8005610392931238,-0.7625059209608003,-7.0010474261997455,5.749394620476365,-0.8124513438646164,37.00255800014325
12.76,0.6386386386386387,-19.584935237831182,-7.17461563902674,-13.289738723438791,-19.624801511589403,-19.656004816071576,5.227205488604238,36.59741316654875,-0.9978969388455382,36.876472848191234,11.919388225045537,-26.038092030993443,25.004989432093986,5.664787145213931,-26.24866258372127,-0.6423373415525296,-19.688601404264194,-0.8006448514777318,-0.7630597415820883,-7.001921078154493,5.7474048288784925,-0.8122750136733894,37.00183218611564
12.780000000000001,0.6396396396396397,-19.585729845789302,-7.17381441794806,-13.290873376217087,-19.62537772885263,-19.656389411070094,5.230979049579889,36.60107186014565,-0.9953844451216939,36.876894267400196,11.918025417873524,-26.037236988042945,25.001011388127694,5.663231681593341,-26.245190667131602,-0.6438961972710034,-19.68875511694963,-0.8007234876650399,-0.7636045924802013,-7.002782682170182,5.745429955225695,-0.8120954494746283,37.00111719470755
12.8,0.6406406406406406,-19.586516233351496,-7.173018280955058,-13.291994765376177,-19.62594482851997,-19.65676628601949,5.234700558348362,36.60469659840759,-0.9929014094862397,36.877313711857425,11.916676983930824,-26.036382084488352,24.997048932734053,5.661692340872858,-26.241754770102915,-0.6454445856559211,-19.68889941635262,-0.8007970541861731,-0.7641406177422788,-7.0036323979885955,5.743469942955567,-0.811912816784228,37.00041288637227
12.82,0.6416416416416416,-19.58729444700449,-7.172227251088345,-13.293102959218565,-19.62650291856289,-19.657135526828608,5.2383707141555,36.60828764333243,-0.9904474921240217,36.87773113235757,11.915342829342649,-26.035527519998638,24.99310215130659,5.6601689866422555,-26.23835455224126,-0.6469824857129766,-19.689034478021846,-0.8008656559289813,-0.7646679588786655,-7.004470383761288,5.741524734011752,-0.8117272760407074,36.999719122731975
12.84,0.6426426426426426,-19.58806453430409,-7.171441348949372,-13.294198028090204,-19.627052106435904,-19.657497219459355,5.241990208377884,36.611845254840006,-0.9880223570283992,36.878146482731445,11.914022858970966,-26.03467348767787,24.989171127482965,5.658661482589488,-26.23498967553601,-0.6485098786301955,-19.689160475921284,-0.8009293963449288,-0.7651867548597352,-7.005296796041715,5.739594268906382,-0.8115389827408203,36.99903576659019
12.86,0.6436436436436437,-19.58882654381671,-7.170660592786449,-13.295280044295263,-19.62759249904974,-19.65785144988909,5.245559724543052,36.615369690813786,-0.9856256719559385,36.878559719724855,11.912716976483711,-26.033820174227138,24.985255943131886,5.6571696925350174,-26.23165980437722,-0.6500267477315521,-19.689277582397594,-0.8009883774563514,-0.7656971421533348,-7.006111789778568,5.7376784867811725,-0.8113480875720523,36.998362681942965
12.88,0.6446446446446447,-19.58958052506265,-7.169884998578873,-13.296349082012554,-19.628124202745955,-19.658198304074492,5.249079938353193,36.61886120714134,-0.983257108382014,36.87897080288131,11.9114250844225,-26.0329677601033,24.981356678340983,5.655693480465091,-26.22836460557095,-0.6515330784311345,-19.689385968149864,-0.8010426998640698,-0.7661992547627512,-7.006915518310268,5.7357773254671525,-0.8111547365420478,36.99769973398879
12.9,0.6456456456456456,-19.590326528461027,-7.1691145801191665,-13.297405217213589,-19.62864732327303,-19.658537867916845,5.252551517712118,36.62232005775361,-0.9809163414572842,36.87937969442869,11.910147084268884,-26.03211641967461,24.977473411405622,5.654232710563996,-26.225103748352712,-0.6530288581878693,-19.689485802201673,-0.8010924627553457,-0.7666932242651158,-7.007708133360567,5.733890721543038,-0.8109590711050094,36.99704678913733
12.92,0.6466466466466466,-19.591064605276408,-7.168349349093412,-13.298448527582297,-19.629161965763807,-19.65887022722871,5.25597512275531,36.625746494663,-0.9786030499650082,36.87978635916962,11.908882876509104,-26.031266321373227,24.973606218818645,5.652787247245311,-26.221876904399107,-0.6545140764608148,-19.689577251875345,-0.8011377639121693,-0.7671791798501622,-7.00848978503521,5.732018610392267,-0.8107612282851182,36.99640371501699
12.94,0.6476476476476476,-19.591794807567084,-7.167589315159672,-13.299479092436387,-19.629668234714295,-19.65919546770196,5.259351405882867,36.629140768000305,-0.9763169162791683,36.88019076437557,11.907632360697384,-26.03041762784461,24.969755175261042,5.651356955182181,-26.21868374783774,-0.6559887246650317,-19.68966048276832,-0.8011786997198654,-0.7676572483592592,-7.009260621819621,5.730160926258673,-0.8105613407970197,36.99577038048145
12.96,0.6486486486486487,-19.592517188134927,-7.166834486024506,-13.300496992650364,-19.630166233963706,-19.659513674877118,5.262681011795152,36.63250312605056,-0.9740576263233701,36.88059287968455,11.906395435517744,-26.02957049609391,24.96592035359351,5.6499416993366225,-26.215523955255545,-0.6574527961280381,-19.689735658731607,-0.8012153651760038,-0.7681275543246462,-7.010020790577554,5.7283176023008435,-0.8103595371634226,36.99514665561518
12.98,0.6496496496496497,-19.59323180047685,-7.166084867517574,-13.301502310580185,-19.63065606667576,-19.65982493411399,5.265964577530983,36.63583381528765,-0.9718248695304896,36.88099267700226,11.905171998844354,-26.02872507762931,24.962101824848908,5.648541344987897,-26.212397205705557,-0.658906286046856,-19.689802941850164,-0.8012478538996024,-0.7685902200088001,-7.010770436550683,5.726488570645131,-0.8101559418298588,36.994532411737936
13.0,0.6506506506506506,-19.593938698737805,-7.165340463664351,-13.302495129989564,-19.63113783532114,-19.660129330563507,5.2692027325082105,36.63913308040791,-0.9696183388030378,36.881390130406714,11.903961947800424,-26.027881518602396,24.95829965822558,5.647155757759956,-26.209303180712254,-0.6603491914456532,-19.689862492425213,-0.8012762581406099,-0.7690453654438717,-7.011509703359078,5.724673762437358,-0.8099506752766535,36.993927521408416
13.02,0.6516516516516516,-19.594637937665286,-7.1646012767569385,-13.303475535977915,-19.63161164166111,-19.660426949140824,5.272396098566505,36.64240116436255,-0.9674377304742164,36.88178521605612,11.902765178815654,-26.02703995994558,24.95451392108155,5.645784803647991,-26.206241564275512,-0.6617815111339865,-19.689914468958346,-0.8013006687896538,-0.7694931084711295,-7.012238733002528,5.72287310789321,-0.8097438541281526,36.99333185842703
13.040000000000001,0.6526526526526526,-19.59532957256533,-7.163867307423005,-13.30444361490991,-19.63207758673219,-19.66071787449953,5.275545290012232,36.64563830838909,-0.9652827442696388,36.88217791210001,11.901581587682236,-26.026200537506615,24.950744678929535,5.644428349044095,-26.20321204287329,-0.6632032456656484,-19.689959028137412,-0.8013211753880424,-0.7699335647803545,-7.0129576658626815,5.721086536347333,-0.8095355912592584,36.992745297837814
13.06,0.6536536536536537,-19.59601365925997,-7.163138554692858,-13.30539945434668,-19.6325357708319,-19.66100219100704,5.278650913665257,36.64884475204161,-0.9631530832696902,36.8825681985935,11.900411069609424,-26.02536338218023,24.946991995432807,5.643086260762061,-26.20021430546307,-0.6646143972981198,-19.68999632482406,-0.8013378661380064,-0.7703668479491342,-7.013666640705953,5.71931397630115,-0.809325995899322,36.99216771592966
13.08,0.6546546546546547,-19.596690254046095,-7.1624150160646725,-13.306343142978601,-19.6329862935055,-19.661279982721066,5.281713568907554,36.65202073322012,-0.9610484538725048,36.88295605741462,11.899253519276705,-26.024528620036957,24.94325593240186,5.641758406061333,-26.197248043482155,-0.6660149699526321,-19.690026512042916,-0.8013508279131686,-0.7707930694820065,-7.014365794687168,5.717555355469399,-0.8091151737334417,36.99159899023674
13.1,0.6556556556556556,-19.597359413655713,-7.16169668756789,-13.307274770559696,-19.63342925353369,-19.661551333367157,5.284733847733485,36.65516648819877,-0.9589685657575356,36.88334147218454,11.898108830885544,-26.023696372449123,24.93953654979187,5.640444652670129,-26.19431295084687,-0.6674049691748377,-19.690049740972295,-0.8013601462692276,-0.7712123388494075,-7.015055263353914,5.715810600825427,-0.8089032270012178,36.991038999538254
13.120000000000001,0.6566566566566566,-19.598021195217566,-7.160983563824805,-13.308194427843615,-19.63386474892125,-19.661816326317282,5.2877123348016415,36.65828225165317,-0.956913131849696,36.88372442819076,11.896976898209749,-26.022866756214146,24.93583390570094,5.639144868807748,-26.191408723950754,-0.6687844020960901,-19.69006616093642,-0.8013659054548444,-0.7716247635263825,-7.015735180651551,5.714079638645238,-0.8086902545930126,36.99048762385762
13.14,0.6576576576576576,-19.598675656220063,-7.160275638110381,-13.309102206521194,-19.634292876886544,-19.662075044569402,5.290649607488112,36.66136825668665,-0.954881868284052,36.884104912313,11.895857614644461,-26.022039883675077,24.932148056369098,5.63785892320609,-26.18853506166174,-0.6701532773953334,-19.69007591939905,-0.8013681884227184,-0.7720304490310205,-7.016405678928861,5.712362394550313,-0.8084763521437658,36.98994474446092
13.16,0.6586586586586587,-19.599322854475528,-7.159572902410287,-13.30999819915956,-19.634713733851893,-19.662327570728024,5.29354623594109,36.66442473485564,-0.9528744943710463,36.88448291295184,11.894750873253775,-26.021215862838492,24.928479056178066,5.636586685130384,-26.185691665318465,-0.6715116052615991,-19.69007916195847,-0.8013670768408405,-0.7724294989625762,-7.0170668889442975,5.710658793549227,-0.8082616121244136,36.989410243854906
13.18,0.6596596596596597,-19.599962848085678,-7.158875347477219,-13.310882499142792,-19.635127415434756,-19.6625739869857,5.296402783136694,36.66745191619407,-0.950890732562234,36.88485841996,11.893656566817024,-26.020394797489754,24.924826957651735,5.635328024399168,-26.182878238725703,-0.672859397357111,-19.690076032343807,-0.8013626511039135,-0.7728220150392481,-7.017718939872804,5.7089687600780685,-0.8080461239309618,36.988884005784364
13.200000000000001,0.6606606606606606,-19.60059569540837,-7.158182962885503,-13.311755200614101,-19.635534016439696,-19.662814375105402,5.299219804935923,36.67045002923684,-0.9489303084165127,36.885231424576105,11.892574587873721,-26.019576787305695,24.92119181145737,5.634082811403514,-26.180094488148974,-0.6741966667809923,-19.690066672412584,-0.8013549903449244,-0.7732080971355805,-7.018361959313179,5.7072922180396946,-0.8078299739712609,36.988365915229046
13.22,0.6616616616616616,-19.601221455025524,-7.157495737084023,-13.312616398419514,-19.63593363085109,-19.663048816403833,5.301997850142639,36.6734193010425,-0.9469929505668303,36.88560191936098,11.891504828767207,-26.01876192796475,24.91757366640751,5.632850917125521,-26.177340122308404,-0.6755234280335766,-19.69005122214947,-0.8013441724468611,-0.7735878433194642,-7.018996073295946,5.705629090841818,-0.8076132457495324,36.98785585840008
13.24,0.6626626626626626,-19.60184018571222,-7.156813657447498,-13.313466188053065,-19.636326351826558,-19.66327739173553,5.304737460562485,36.676359957214935,-0.9450783906873533,36.885969898136274,11.890447181686987,-26.017950311254587,24.913972569462555,5.631632213156095,-26.174614852371864,-0.6768396969813153,-19.690029819666183,-0.801330274054559,-0.7739613498887093,-7.019621406291712,5.7039793014339635,-0.807396019948694,36.98735372273598
13.26,0.6636636636636637,-19.602451946406944,-7.156136710326142,-13.314304665603437,-19.636712271691085,-19.663500181477822,5.307439171062669,36.679272221924315,-0.9431863634610805,36.88633535592544,11.889401538709798,-26.017142025177296,24.910388565734017,5.630426571712034,-26.171918391947436,-0.6781454908222816,-19.69000260120248,-0.8013133705866682,-0.7743287114071692,-7.020238081219982,5.7023427723433056,-0.8071783745105314,36.986859396898204
13.280000000000001,0.6646646646646647,-19.60305679618294,-7.1554648810937325,-13.315131927702081,-19.637091481931797,-19.663717265516585,5.310103509632515,36.68215631792715,-0.941316606547888,36.88669828889693,11.888367791839414,-26.01633715405215,24.90682169848842,5.629233865652416,-26.169250457075247,-0.679440828052264,-19.689969701128188,-0.8012935362477304,-0.7746900207403931,-7.020846219458403,5.700719425709404,-0.8069603847137645,36.98637277076634
13.3,0.6656656656656657,-19.60365479422065,-7.154798154194124,-13.315948071472752,-19.637464073193357,-19.663928723232754,5.312730997444714,36.6850124665856,-0.9394688605529902,36.887058694309566,11.887345833045222,-26.015535778615995,24.90327200915184,5.628053968494321,-26.166610766218696,-0.6807257284314475,-19.68993125194623,-0.8012708440403554,-0.7750453690907924,-7.021445940852417,5.69910918331786,-0.8067421232500548,36.98589373543291
13.32,0.6666666666666666,-19.604245999781185,-7.154136513186233,-13.316753194482462,-19.63783013527397,-19.66413463348957,5.315322148917205,36.68784088788595,-0.937642868995805,36.88741657046001,11.88633555429956,-26.014737976121328,24.89973953731505,5.6268867544278995,-26.163999040255145,-0.6820002129516757,-19.68988738429661,-0.8012453657774861,-0.7753948460323014,-7.022037363725291,5.697511966632911,-0.8065236602979997,36.9854221831979
13.34,0.6676676676676676,-19.604830472180854,-7.153479940787537,-13.317547394693836,-19.638189757121975,-19.66433507462057,5.317877471775606,36.69064180045641,-0.9358383782792085,36.887771916632246,11.885336847613873,-26.01394382043206,24.89622432073927,5.625732098330793,-26.161415002466075,-0.6832643038042899,-19.68983822696129,-0.8012171720947422,-0.7757385395445201,-7.022620604888509,5.695927696828984,-0.8063050635951606,36.98495800756286
13.36,0.6686686686686687,-19.60540827076666,-7.152828418916099,-13.318330770418827,-19.638543026832963,-19.66453012441824,5.320397467116141,36.693415421584106,-0.9340551376591695,36.88812473304904,11.884349605073677,-26.013153382117064,24.892726395362534,5.624589875781926,-26.158858378526755,-0.6845180243485398,-19.68978390686992,-0.8011863324628352,-0.7760765360463266,-7.023195779652499,5.694356294821232,-0.8060863985081691,36.98450110322483
13.38,0.6696696696696697,-19.60597945489278,-7.1521819287311805,-13.319103420273793,-19.638890031647446,-19.66471986012335,5.322882629468991,36.6961619672314,-0.9322928992147509,36.88847502082528,11.883373718872363,-26.01236672854149,24.889245795306564,5.623459963074686,-26.15632889649546,-0.6857613990805591,-19.689724549106415,-0.8011529152000426,-0.7764089204289476,-7.023763001837673,5.692797681295069,-0.8058677281009562,36.984051366069906
13.4,0.6706706706706707,-19.60654408389797,-7.151540450672453,-13.3198654431359,-19.639230857949006,-19.664904358414933,5.325333446862015,36.69888165205151,-0.9305514178184666,36.888822781923196,11.882409081343868,-26.011583923955957,24.885782552884258,5.622342237229496,-26.15382628680226,-0.6869944536029016,-19.689660276916275,-0.8011169874847333,-0.7767357760884785,-7.024322383785759,5.691251776734717,-0.8056491132011487,36.983608693166595
13.42,0.6716716716716716,-19.607102217083913,-7.15090396449784,-13.320616938100828,-19.63956559126293,-19.665083695400888,5.32775040088479,36.70157468940349,-0.928830451106986,36.889168019109256,11.881455584994216,-26.01080502958359,24.882336698607677,5.621236576005803,-26.151350282237413,-0.6882172145946309,-19.68959121171466,-0.8010786153679375,-0.7770571849578455,-7.0248740363714095,5.689718501450807,-0.8054306124646765,36.983172982758916
13.44,0.6726726726726726,-19.607653913694428,-7.150272449320048,-13.321358004441777,-19.639894316255315,-19.665257946609174,5.330133966752906,36.704241291366536,-0.9271297594521732,36.889510735912886,11.880513122531966,-26.010030103705002,24.878908261196568,5.620142857913483,-26.148900617939383,-0.6894297097819574,-19.68951747309517,-0.8010378637859494,-0.7773732275382031,-7.025418069014059,5.68819777560703,-0.8052122824386322,36.982744134259306
13.46,0.6736736736736737,-19.608199232895544,-7.149645883641783,-13.322088741569718,-19.6402171167326,-19.665427186979585,5.33248461337247,36.706881668753645,-0.925449105932454,36.88985093658674,11.879581586897583,-26.00925920174123,24.875497267587388,5.619060962223694,-26.146477031382528,-0.6906319679094158,-19.68943917883926,-0.800994796572958,-0.7776839829297626,-7.025954589690018,5.686689519245873,-0.804994177622427,36.9823220482413
13.48,0.6746746746746747,-19.608738233756426,-7.149024245389721,-13.322809248994904,-19.640534075641497,-19.665591490856087,5.334802803404777,36.70949603112474,-0.923788256304501,36.89018862606866,11.878660871291745,-26.00849237633468,24.872103742942823,5.6179907689791655,-26.144079262364457,-0.6918240187115777,-19.689356444926332,-0.800949476473695,-0.7779895288620478,-7.02648370494479,5.685193652313458,-0.8047763505272831,36.981906626432036
13.5,0.6756756756756757,-19.60927097523111,-7.1484075119472354,-13.323519626289583,-19.640845275069353,-19.665750931979687,5.337088993331098,36.71208458679917,-0.9221469789752283,36.89052380994507,11.877750869202615,-26.00772967742811,24.868727710661773,5.6169321590039605,-26.14170705299309,-0.6930058928852909,-19.689269385544353,-0.8009019651560951,-0.7782899417235751,-7.027005519905577,5.6837100946835015,-0.8045588517341034,36.981497771704596
13.52,0.6766766766766766,-19.609797516141004,-7.147795660185938,-13.324219973051923,-19.641150796244858,-19.66590558348182,5.339343633517542,36.71464754286762,-0.9205250449740882,36.890856494416,11.876851474432103,-26.0069711523417,24.865369192389803,5.615885013912701,-26.13936014767346,-0.6941776220624397,-19.689178113101093,-0.8008523232239607,-0.7785852965909579,-7.027520138293975,5.682238766180418,-0.8043417299497585,36.98109538807019
13.540000000000001,0.6776776776776777,-19.61031791515819,-7.147188666496048,-13.3249103888711,-19.64145071953914,-19.666055517878238,5.341567168279954,36.717185105203534,-0.9189222279256618,36.89118668626136,11.875962581121122,-26.006216845848236,24.862028208030036,5.614849216119288,-26.137038293094236,-0.6953392387832188,-19.689082738235854,-0.8008006102296223,-0.7788756672574322,-7.02802766243884,5.680779586601582,-0.8041250320618316,36.98069938067017
13.56,0.6786786786786787,-19.61083223078943,-7.146586506815627,-13.325590973293544,-19.641745124467178,-19.666200807063372,5.343760035948807,36.71969747847399,-0.9173383040225379,36.89151439280879,11.87508408377388,-26.005466800246477,24.858704775754468,5.613824648845114,-26.134741238214044,-0.6964907764699132,-19.688983369831718,-0.8007468846865916,-0.7791611262608074,-7.0285281932892945,5.67933247573878,-0.8039088031918573,36.98030965576796
13.58,0.6796796796796797,-19.61134052136092,-7.1459891566587235,-13.326261825790311,-19.642034089689545,-19.66634152230517,5.345922668934061,36.72218486615007,-0.9157730519984711,36.89183962190268,11.874215877281207,-26.0047210554327,24.85539891201571,5.612811196126782,-26.132468734247553,-0.697632269401178,-19.68888011502824,-0.8006912040821973,-0.7794417449108408,-7.029021830427886,5.677897353398864,-0.8036930867470949,36.97992612074085
13.6,0.6806806806806807,-19.611842845003714,-7.145396591142433,-13.326923045725561,-19.642317693014483,-19.666477734240363,5.348055493789944,36.72464747051675,-0.9142262531018153,36.89216238187462,11.873357856942965,-26.00397964897049,24.852110631559103,5.6118087428233565,-26.13022053465138,-0.6987637526868096,-19.688773079234593,-0.8006336248902001,-0.7797175933160402,-7.029508672083857,5.676474139423618,-0.8034779244708722,36.97954868407165
13.620000000000001,0.6816816816816816,-19.61233925963985,-7.144808785012926,-13.32757473232612,-19.64259601140024,-19.666609512870163,5.350158931279628,36.727085492682306,-0.9126976910692237,36.89248268151496,11.872509918489524,-26.003242616158804,24.848839947435255,5.610817174623131,-26.127996395109793,-0.6998852622430022,-19.688662366143127,-0.80057420258338,-0.7799887404098954,-7.029988815146532,5.675062753708884,-0.8032633564915352,36.9791772553403
13.64,0.6826826826826827,-19.612829822969097,-7.14422571267047,-13.328216984652109,-19.642869120957705,-19.666736927556386,5.352233396439777,36.7294991325873,-0.9111871520996133,36.892800530045676,11.871671958102368,-26.002509990098353,24.845586871012912,5.60983637804995,-26.125796073520288,-0.7009968347680815,-19.688548077743302,-0.8005129916460905,-0.7802552539765449,-7.0304623551787975,5.6736631162229365,-0.8030494213700426,36.97881174521536
13.66,0.6836836836836837,-19.613314592456373,-7.143647348193465,-13.328849901568601,-19.6431370969533,-19.66686004701796,5.354279298644921,36.73188858901314,-0.909694424828384,36.8931159370943,11.870843872433817,-26.001781801756323,24.842351411992198,5.608866240469078,-26.123619329978983,-0.7020985077187082,-19.688430314335978,-0.8004500455867744,-0.7805172006758795,-7.0309293864306674,5.672275147024142,-0.8028361561462358,36.97845206544543
13.68,0.6846846846846847,-19.613793625319737,-7.143073665361535,-13.329473581718307,-19.643400013812133,-19.666978939327812,5.356297041671649,36.73425405959017,-0.9082193003018911,36.89342891266905,11.870025558625892,-26.001058080029484,24.839133578418203,5.60790665009264,-26.1214659267659,-0.7031903192865445,-19.68830917454805,-0.8003854169504365,-0.7807746460680887,-7.031390001852922,5.670898766277926,-0.802623596383823,36.978098128850526
13.700000000000001,0.6856856856856857,-19.61426697851899,-7.142504637677698,-13.330088123495253,-19.643657945121372,-19.667093671910138,5.358287023762578,36.736595740805456,-0.9067615719521639,36.89373946713495,11.869216914328371,-26.00033885180572,24.83593337669489,5.606957495984631,-26.119335628330134,-0.7042723083753761,-19.688184755347383,-0.8003191573310686,-0.7810276546376564,-7.031844293110811,5.669533894273047,-0.8024117762141074,36.97774984931334
13.72,0.6866866866866866,-19.61473470874486,-7.141940238389642,-13.330693625019425,-19.643910963633857,-19.667204311537994,5.360249637690095,36.7389138280101,-0.9053210355718669,36.89404761119102,11.86841783771601,-25.999624142024004,24.832750811599304,5.606018668065514,-26.117228201274887,-0.7053445145786821,-19.688057152058043,-0.8002513173840213,-0.7812762898168102,-7.032292350597799,5.668180451437222,-0.8022007283784958,36.97740714177052
13.74,0.6876876876876877,-19.615196872408713,-7.141380440510138,-13.33129018411237,-19.644159141271917,-19.667310924331264,5.362185270819822,36.74120851542625,-0.9038974892894991,36.894353355848466,11.867628227504984,-25.998913973732883,24.829585886296112,5.605090057116416,-26.115143414342445,-0.7064069781576449,-19.68792645837578,-0.8001819468383187,-0.7815206140084302,-7.0327342634493615,5.6668383583520985,-0.8019904842698161,36.97706992220383
13.76,0.6886886886886887,-19.615653525632837,-7.140825216836619,-13.331877898273738,-19.644402549131396,-19.667413575754928,5.36409430517381,36.743479996153766,-0.9024907335448263,36.894656712409805,11.866847982968556,-25.998208368147456,24.8264386023524,5.604171554782931,-26.11308103839904,-0.7074597400195946,-19.687792766383765,-0.8001110945089136,-0.7817606886084271,-7.033170119556805,5.665507535767604,-0.801781073972479,36.976738107631355
13.780000000000001,0.6896896896896897,-19.616104724241207,-7.1402745399699405,-13.332456864658706,-19.64464125748586,-19.66751233061765,5.36597711749343,36.7457284621765,-0.9011005710645448,36.89495769244892,11.866077003951991,-25.997507344704918,24.823308959752755,5.603263053578533,-26.111040846419677,-0.7085028416968787,-19.68765616656854,-0.8000388083088763,-0.7819965740275923,-7.033600005581106,5.664187904615691,-0.8015725263015113,36.976411616098595
13.8,0.6906906906906907,-19.616550523750774,-7.139728382332369,-13.33302718005632,-19.64487533579098,-19.66760725307067,5.367834079301936,36.74795410436834,-0.8997268068381695,36.895256307791996,11.865315190886736,-25.9968109211187,24.8201969569146,5.602364446887625,-26.10902261347286,-0.7095363253261507,-19.68751674783619,-0.7999651352615157,-0.7822283297129311,-7.034024006966772,5.662879386023488,-0.8013648688404936,36.97609036666959
13.82,0.6916916916916916,-19.61699097936323,-7.139186716184804,-13.33358894086868,-19.645104852689105,-19.667698406606977,5.369665556966698,36.750157112498876,-0.8983692480941463,36.89555257049932,11.864562444803889,-25.99611911343123,24.8171025907038,5.601475628968218,-26.107026116705306,-0.7105602336280706,-19.68737459752868,-0.7998901215124282,-0.7824560141684848,-7.034442207955692,5.6615819013258815,-0.8011581279784297,36.975774279418
13.84,0.6926926926926927,-19.617426145957243,-7.138649513643271,-13.334142243090987,-19.645329876013953,-19.667785854060764,5.371471911761078,36.752337675238834,-0.8970277042761827,36.89584649284788,11.863818667346964,-25.995431936065316,24.814025856450474,5.600596494954257,-26.105051135326594,-0.7115746098874094,-19.687229801440367,-0.799813812341472,-0.7826796849756493,-7.034854691600996,5.660295372077538,-0.8009523289455782,36.97546327541817
13.86,0.6936936936936937,-19.617856078081136,-7.138116746694701,-13.334687182292413,-19.6455504727955,-19.667869657607145,5.373253499925938,36.7544959801652,-0.8957019870197955,36.89613808731478,11.863083760783992,-25.994749401874245,24.81096674796504,5.5997269408576065,-26.10309745059379,-0.7125794979335516,-19.68708244383466,-0.7997362521746625,-0.7828993988130005,-7.035261539780891,5.659019720064391,-0.8007474958482735,36.97515727673622
13.88,0.6946946946946947,-19.618280829946013,-7.137588387212034,-13.335223853597768,-19.64576670926496,-19.667949878762144,5.375010672730764,36.75663221376614,-0.8943919101290712,36.896427366561404,11.862357628018948,-25.994071522190573,24.80792525755448,5.598866863569698,-26.101164845796045,-0.7135749421213876,-19.686932607460832,-0.7996574845959875,-0.7831152114756316,-7.035662833212482,5.657754867314602,-0.8005436517027633,36.974856206421066
13.9,0.6956956956956957,-19.618700455419294,-7.137064406968657,-13.33575235166996,-19.64597865085994,-19.668026578382893,5.376743776534394,36.75874656144557,-0.8930972895536367,36.89671434341827,11.861640172602545,-25.99339830687367,24.804901376038796,5.598016160862846,-26.099253106239185,-0.7145609873125899,-19.6867803735709,-0.7995775523591379,-0.7833271778940138,-7.036058651465567,5.656500736109019,-0.8003408184680904,36.97455998849551
13.92,0.6966966966966966,-19.61911500801867,-7.136544777652201,-13.33627277069323,-19.646186362229685,-19.668099816668107,5.378453152845341,36.76083920752763,-0.8918179433658385,36.89699903087064,11.860931298742404,-25.99272976435602,24.80189509276765,5.597174731391262,-26.097362019230285,-0.7155376788572653,-19.686625821936673,-0.7994964973991525,-0.7835353521523878,-7.036449072976395,5.65525724899114,-0.8001390170780437,36.97426854794729
13.94,0.6976976976976977,-19.619524540906433,-7.1360294708777285,-13.33678520435711,-19.64638990724044,-19.668169653158756,5.38013913838169,36.762910335260834,-0.890553691738127,36.8972814420448,11.860230911312613,-25.992065901688342,24.7989063956372,5.596342474691745,-26.095491374062245,-0.7165050625759773,-19.68646903086682,-0.7994143608439752,-0.7837397875066936,-7.036834175061386,5.654024328776605,-0.7999382674722055,36.973981810720154
13.96,0.6986986986986987,-19.619929106884186,-7.135518458200322,-13.33728974584114,-19.64658934898094,-19.668236146738955,5.381802065130572,36.76496012682203,-0.8893043569206425,36.89756159019495,11.8595389158627,-25.99140672458351,24.795935271107066,5.5955192911840825,-26.09364096199837,-0.7174631847421314,-19.68631007722407,-0.7993311830259197,-0.7839405364020502,-7.037214033930804,5.652801898562221,-0.7997385886261188,36.97369970370495
13.98,0.6996996996996997,-19.620328758387934,-7.135011711127103,-13.337786487800267,-19.646784749767978,-19.668299355637078,5.383442260407192,36.766988763320214,-0.8880697632190029,36.89783948869073,11.858855218626033,-25.990752237459358,24.792981704217475,5.594705082171158,-26.09181057625697,-0.7184120920647167,-19.686149036442433,-0.7992470034930428,-0.7841376504897914,-7.037588724702379,5.6515898817345525,-0.7995399985805981,36.97342215473072
14.0,0.7007007007007007,-19.62072354748351,-7.134509201128695,-13.338275522350955,-19.646976171152073,-19.66835933742705,5.385060046913419,36.768996424800086,-0.8868497369722896,36.89811515100536,11.858179726527664,-25.99010244348035,24.790045678606557,5.593899749838778,-26.09000001199596,-0.7193518316713969,-19.68598598254448,-0.7991618610204231,-0.7843311806440681,-7.037958321414872,5.650388201978069,-0.7993425144702104,36.97314909255581
14.02,0.7017017017017017,-19.621113525862334,-7.134010899650154,-13.33875694105795,-19.64716367392322,-19.668416149029834,5.386655742795904,36.77098329024551,-0.8856441065312293,36.89838859070436,11.857512347191633,-25.989457344598154,24.787127176527747,5.593103197255225,-26.0882090662975,-0.7202824510919456,-19.685820988158653,-0.7990757936213431,-0.784521176978026,-7.038322897041574,5.649196783282886,-0.7991461525509457,36.972880446859016
14.040000000000001,0.7027027027027027,-19.621498744837513,-7.133516778121397,-13.339230834921722,-19.64734731811672,-19.66846984671512,5.388229661703745,36.772949537582726,-0.88445270223657,36.89865982143476,11.85685298894775,-25.98881694159118,24.78422617886733,5.592315328370544,-26.08643753815266,-0.7212039982420171,-19.68565412453662,-0.7989888385583729,-0.7847076888595672,-7.038682523503745,5.648015549952095,-0.7989509282271023,36.97261614823076
14.06,0.7037037037037037,-19.62187925534025,-7.1330268079671155,-13.339697294366518,-19.647527163019078,-19.66852048610315,5.389782112845678,36.77489534368349,-0.8832753563976504,36.898928856914935,11.856201560837864,-25.988181234103028,24.781342665162086,5.59153604801558,-26.0846852284461,-0.7221165214072496,-19.685485461570604,-0.7989010323543559,-0.7848907649267045,-7.039037271683973,5.64684442660871,-0.7987568560774081,36.97235612816426
14.08,0.7047047047047047,-19.622255107916548,-7.132540960616234,-13.340156409229062,-19.647703267173974,-19.66856812216675,5.39131340104679,36.776820884368,-0.8821119032711586,36.899195710924864,11.855557972621641,-25.987550220679985,24.778476613617052,5.590765261900749,-26.082951939940834,-0.723020069227691,-19.68531506781075,-0.798812410803293,-0.7850704531025191,-7.039387211439463,5.6456833382022324,-0.7985639498803975,36.97210031904674
14.1,0.7057057057057057,-19.622626352724208,-7.132059207510899,-13.340608268747834,-19.64787568838829,-19.66861280923348,5.392823826804747,36.77872633440775,-0.8809621790400808,36.89946039729691,11.854922134781875,-25.98692389880747,24.77562800112336,5.5900028766145935,-26.081237477262974,-0.7239146906825444,-19.68514301048245,-0.7987230089811248,-0.7852468006097276,-7.039732411615245,5.644532210014857,-0.7983722226390685,36.971848654150705
14.120000000000001,0.7067067067067067,-19.622993039530105,-7.131581520115029,-13.341052961552956,-19.648044483738186,-19.668654600987978,5.394313686345539,36.780611867528215,-0.8798260217928368,36.89972292990708,11.854293958529318,-25.98630226494555,24.772796803276172,5.589248799622079,-26.079541646886575,-0.7248004350752253,-19.684969355503682,-0.7986328612564121,-0.7854198539848701,-7.040072940057295,5.643390967667325,-0.7981816866048359,36.97160106762521
14.14,0.7077077077077077,-19.623355217707747,-7.131107869922445,-13.34149057565663,-19.64820970957524,-19.668693550474412,5.395783271678724,36.78247765641144,-0.8787032715026017,36.899983322666706,11.853673355807077,-25.985685314563515,24.76998299439269,5.5885029392626855,-26.077864257118502,-0.7256773520187251,-19.684794167502293,-0.7985420013009111,-0.7855896590921265,-7.040408863625571,5.642259537124439,-0.797992353300804,36.971357494487165
14.16,0.7087087087087087,-19.623712936235066,-7.130638228464591,-13.341921198444146,-19.648371421532616,-19.6687297100991,5.397232870652181,36.78432387269851,-0.8775937700068117,36.90024158951458,11.853060239294567,-25.985073042173504,24.767186547530216,5.5877652047482655,-26.07620511808335,-0.7265454914212757,-19.684617509833256,-0.7984504621000452,-0.7857562611367706,-7.040740248206962,5.641137844700251,-0.7978042335443755,36.97111787061271
14.18,0.7097097097097097,-19.62406624369248,-7.1301725673178575,-13.342344916665416,-19.648529674531282,-19.66876313163324,5.398662767006364,36.786150686991945,-0.876497360986852,36.90049774440947,11.852454522411051,-25.984465441363263,24.76440743450428,5.587035506160705,-26.074564041708445,-0.7274049034723085,-19.684439444595892,-0.7983582759632702,-0.78591970467827,-7.041067158728133,5.6400258170629325,-0.7976173374692168,36.970882132728576
14.200000000000001,0.7107107107107107,-19.624415188261178,-7.129710858110541,-13.34276181642704,-19.648684522786258,-19.668793866215786,5.400073240428042,36.78795826885799,-0.8754138899479278,36.90075180132309,11.851856119318773,-25.983862504828007,24.76164562590683,5.586313754449368,-26.072940841708874,-0.728255638628703,-19.684260032651014,-0.798265474534335,-0.7860800336430416,-7.041389659168283,5.63892338123935,-0.7974316745465976,36.97065021840355
14.22,0.7117117117117117,-19.624759817721664,-7.12925307252943,-13.343171983184869,-19.648836019812897,-19.668821964356425,5.4014645666035435,36.78974678682881,-0.8743432041991139,36.90100377423336,11.851264944925692,-25.98326422440145,24.75890109112443,5.585599861428358,-26.071335333572605,-0.729097747601319,-19.68407933363804,-0.7981720888014338,-0.786237291336869,-7.041707812571801,5.637830464619338,-0.7972472536061215,36.970422066039916
14.24,0.7127127127127127,-19.625100179452467,-7.12879918232605,-13.343575501737076,-19.648984218433196,-19.668847475938684,5.4028370172714855,36.791516408404625,-0.8732851528335844,36.90125367711811,11.85068091488784,-25.982670591085974,24.756173798356514,5.584893739773575,-26.069747334545657,-0.7299312813418066,-19.683897405992006,-0.7980781491072526,-0.7863915204569933,-7.042021681060815,5.63674699495969,-0.7970640828558668,36.97019761486499
14.26,0.7137137137137137,-19.62543632042912,-7.128349159322575,-13.343972456217694,-19.649129170782114,-19.668870450223135,5.4041908602749915,36.793267300055795,-0.872239586709019,36.90150152394911,11.850103945611322,-25.98208159508201,24.753463714633664,5.584195303019603,-26.068176663617347,-0.7307562910296904,-19.68371430696054,-0.7979836851589082,-0.7865427631038825,-7.042331325847646,5.635672900387889,-0.7968821699019528,36.96997680492267
14.280000000000001,0.7147147147147147,-19.625768287223305,-7.127902975417415,-13.344362930090613,-19.649270928313932,-19.668890935850726,5.4055263596134,36.79499962722479,-0.8712063584281866,36.90174732868638,11.849533954253939,-25.98149722581662,24.750770805835895,5.58350446555642,-26.06662314150561,-0.7315728280597202,-19.683530092620718,-0.7978887260377782,-0.7866910607926902,-7.0426368072471455,5.634608109405563,-0.7967015217675478,36.969759577065034
14.3,0.7157157157157157,-19.626096126002206,-7.127460602590504,-13.344747006144045,-19.649409541808602,-19.66890898084618,5.406843775493453,36.796713554328164,-0.8701853223197042,36.901991105272906,11.8489708587265,-25.9809174719713,24.74809503671095,5.582821142625926,-26.065086590642373,-0.7323809440294851,-19.683344817895858,-0.7977933002092248,-0.7868364544644099,-7.042938184688934,5.6335525508916975,-0.7965221449113362,36.96954587294398
14.32,0.7167167167167167,-19.62641988252805,-7.127022012908287,-13.345124766485412,-19.64954506137813,-19.668924632621508,5.4081433643799794,36.79840924475845,-0.8691763344189696,36.902232867629586,11.848414577693768,-25.980342321509024,24.745436370892605,5.582145250318331,-26.063566835159044,-0.7331806907272846,-19.683158536572215,-0.7976974355322093,-0.7869789844967338,-7.0432355167295215,5.632506154105603,-0.7963440452454587,36.96933563500295
14.34,0.7177177177177178,-19.62673960215782,-7.126587178528428,-13.345496292536659,-19.649677536472957,-19.668937937979614,5.409425379046049,36.80008686088601,-0.8681792524492671,36.90247262965051,11.847865030575122,-25.979771761700583,24.742794770918955,5.581476705568363,-26.062063700872034,-0.7339721201202535,-19.682971301315572,-0.7976011592687983,-0.7871186907146238,-7.04352886106432,5.631468848689651,-0.7961672281529405,36.969128806468625
14.36,0.7187187187187187,-19.627055329843138,-7.126156071704249,-13.345861665029975,-19.64980701588834,-19.668948943117964,5.410690068622624,36.80174656406087,-0.8671939358030466,36.902710405198505,11.847322137544886,-25.979205779150174,24.74017019825071,5.580815426151342,-26.06057701526839,-0.7347552843427327,-19.682783163687727,-0.797504498093563,-0.7872556124006024,-7.04381827453954,5.630440564671782,-0.7959916985046241,36.96892533134276
14.38,0.7197197197197197,-19.627367110130326,-7.1257286647889035,-13.346220964003923,-19.649933547770733,-19.66895769363237,5.411937678647682,36.803388514614504,-0.8662202455233722,36.90294620810095,11.846785819532377,-25.97864435982031,24.737562613289445,5.580161330679104,-26.059106607491497,-0.7355302356848856,-19.682594174162887,-0.7974074781028692,-0.7873897883047702,-7.04410381316398,5.629421232467809,-0.7958174606756186,36.968725154393994
14.4,0.7207207207207207,-19.627674987160606,-7.125304930239314,-13.346574268799937,-19.65005717962419,-19.66896423452081,5.413168451114833,36.80501287186159,-0.8652580442855418,36.90318005214584,11.846255998221661,-25.978087489056048,24.73497197539585,5.5795143385957875,-26.05765230832686,-0.7362970265815503,-19.682404382143925,-0.7973101248240589,-0.7875212566545595,-7.044385532120689,5.628410782883499,-0.7956445185612804,36.96852822114973
14.42,0.7217217217217217,-19.62797900467047,-7.124884840619857,-13.346921658059205,-19.650177958316746,-19.668968610187356,5.414382624521415,36.806619794101785,-0.8643071963788755,36.903411951078105,11.845732596051036,-25.977535151608542,24.732398242907937,5.578874370173488,-26.056213950187978,-0.7370557096013275,-19.68221383597854,-0.7972124632245267,-0.7876500551642287,-7.044663485778516,5.627409147116469,-0.7954728755927382,36.9683344778881
14.44,0.7227227227227228,-19.62827920599216,-7.124468368605836,-13.347263209719905,-19.650295930086777,-19.66897086444615,5.415580433916074,36.80820943862141,-0.8633675676886727,36.90364191859616,11.845215536212255,-25.976987331657966,24.729841373159203,5.578241346507788,-26.054791367102297,-0.7378063374358974,-19.68202258297528,-0.7971145177206848,-0.7877762210441064,-7.044937727703548,5.626416256757888,-0.7953025347519767,36.96814387162991
14.46,0.7237237237237237,-19.628575634054343,-7.124055486986724,-13.347599001014794,-19.650411140549384,-19.668971040525438,5.416762110945837,36.809781961695215,-0.8624390256783354,36.903869968348644,11.844704742649485,-25.976444012835795,24.727301322496764,5.577615189513161,-26.05338439469725,-0.7385489628895611,-19.681830669419448,-0.7970163121868239,-0.787899791009592,-7.045208310670419,5.625432043793992,-0.7951334985864896,36.967956350130734
14.48,0.7247247247247247,-19.62886833138284,-7.1236461686692065,-13.347929108469133,-19.65052363470274,-19.6689691810717,5.417927883902661,36.81133751858806,-0.8615214393716585,36.904096113931445,11.844200140058039,-25.975905178246474,24.724778046299434,5.576995821918267,-26.051992870186393,-0.7392836388690032,-19.681638140588888,-0.7969178699638659,-0.7880208012899189,-7.045475286673506,5.624456440607433,-0.7949657692235164,36.96777186187294
14.5,0.7257257257257257,-19.62915734010155,-7.123240386680023,-13.348253607898931,-19.65063345693444,-19.668965328153792,5.41907797776948,36.81287626355663,-0.8606146793352856,36.90432036888485,11.84370165388285,-25.975370810488492,24.722271498995752,5.576383167261133,-26.05061663235561,-0.740010418373271,-19.68144504076962,-0.7968192138680096,-0.7881392876366885,-7.045738706938001,5.623489379978445,-0.7947993483838722,36.96759035605788
14.52,0.7267267267267267,-19.629442701933453,-7.122838114168618,-13.348572574409522,-19.650740651027824,-19.66895952326718,5.420212614265736,36.81439834985116,-0.8597186176613288,36.90454274669093,11.843209210316743,-25.974840891674866,24.71978163408194,5.575777149884231,-26.04925552154943,-0.7407293544839656,-19.681251413271358,-0.7967203661992706,-0.7882552853321788,-7.045998621930866,5.622530795085871,-0.794634237395386,36.96741178259806
14.540000000000001,0.7277277277277278,-19.629724458201743,-7.122439324409613,-13.34888608239442,-19.650845260168285,-19.668951807338193,5.421332011892402,36.81590392971713,-0.8588331279501525,36.90476326077112,11.842722736298478,-25.974315403453065,24.717308404139814,5.575177694929457,-26.04790937965742,-0.7414405003556424,-19.681057300442873,-0.7966213487499159,-0.7883688291974379,-7.046255081371664,5.621580619508012,-0.7944704372059543,36.96723609210938
14.56,0.7287287287287287,-19.630002649831063,-7.122043990805099,-13.3491942055345,-19.650947326949566,-19.668942220728344,5.4224363859765,36.81739315439701,-0.8579580852933194,36.90498192448394,11.842242159510587,-25.973794327024372,24.71485176085461,5.574584728333014,-26.04657805010067,-0.7421439092064146,-19.680862743687236,-0.796522182812793,-0.788479953600165,-7.0465081342432665,5.620638787223346,-0.7943079483962254,36.967063235903446
14.58,0.7297297297297297,-19.63027731734885,-7.1216520868867725,-13.349497016797432,-19.65104689338002,-19.6689308032387,5.423525948715114,36.818866174131976,-0.8570933662566989,36.905198751122896,11.841767408377013,-25.973277643162714,24.71241165503274,5.573998176820206,-26.045261377818377,-0.742839634308759,-19.680667783476903,-0.796422889189554,-0.7885886924623873,-7.0467578288024475,5.619705232611096,-0.794146771191921,36.966893165979904
14.6,0.7307307307307307,-19.630548500886757,-7.121263586317908,-13.349794588437408,-19.65114400088886,-19.668917594114262,5.424600909218899,36.82032313816368,-0.8562388488637357,36.905413753914566,11.841298412060567,-25.972765332232953,24.709988036619468,5.573417967900147,-26.04395920925451,-0.7435277289805172,-19.680472459368655,-0.7963234881987762,-0.7886950792679389,-7.047004212590345,5.6187798904516715,-0.7939869054758085,36.96672583501885
14.620000000000001,0.7317317317317317,-19.63081624018221,-7.120878462895181,-13.35008699199513,-19.651238690332384,-19.668902632048432,5.425661473555087,36.821764194736005,-0.8553944125788798,36.9056269460168,11.840835100460186,-25.972257374208684,24.707580854716518,5.5728440298603905,-26.042671392344573,-0.744208246576091,-19.68027681001841,-0.7962239996839787,-0.7887991470697455,-7.047247332442806,5.617862695926968,-0.793828350799333,36.96656119637329
14.64,0.7327327327327328,-19.631080574580007,-7.120496690550348,-13.350374298298052,-19.651331002000166,-19.66888595518746,5.426707844790003,36.823189491096876,-0.8545599382911743,36.9058383405171,11.840377404208036,-25.971753748689515,24.70519005759957,5.572276291761484,-26.041397776502468,-0.7448812404778262,-19.680080873195855,-0.7961244430215365,-0.7889009284969224,-7.047487234500614,5.616953584620557,-0.7936711063939177,36.96639920406165
14.66,0.7337337337337337,-19.631341543034036,-7.120118243351788,-13.350656577460859,-19.65142097562122,-19.66886760113497,5.427740223031074,36.824599173500054,-0.8537353082980018,36.9060479504311,11.839925254666435,-25.97125443491787,24.702815592735675,5.571714683431451,-26.040138212607438,-0.7455467640875839,-19.679884685798967,-0.7960248371284917,-0.7890004557616918,-7.047723964219583,5.616052492517746,-0.7935151711819441,36.96623981276032
14.68,0.7347347347347347,-19.631599184109053,-7.119743095505919,-13.350933898886202,-19.651508650370147,-19.668847606956493,5.428758805468354,36.825993387207,-0.8529204062889899,36.90625578870123,11.839478583924624,-25.970759411795314,24.70045740680058,5.571159135460207,-26.038892552991108,-0.7462048708184926,-19.67968828386834,-0.7959252004702643,-0.7890977606661225,-7.047957566380542,5.6151593560055355,-0.7933605437874199,36.96608297779629
14.700000000000001,0.7357357357357357,-19.631853535982547,-7.119371221358484,-13.351206331265644,-19.651594064873237,-19.668826009184034,5.429763786415557,36.82737227648872,-0.852115117330071,36.90646186819545,11.839037324795383,-25.970268657898416,24.69811544569595,5.570609579193914,-26.037660651424627,-0.746855614086881,-19.6794917026014,-0.7958255510682611,-0.7891928746087004,-7.048188085099189,5.614274111872461,-0.7932072225463437,36.96592865513981
14.72,0.7367367367367368,-19.632104636446673,-7.11900259539572,-13.351473942580832,-19.651677257214544,-19.668802843820664,5.430755357350597,36.828735984627684,-0.8513193278476994,36.90666620170614,11.83860141081151,-25.969782151494176,24.695789654566486,5.570065946729273,-26.03644236310589,-0.7474990473043853,-19.679294976366425,-0.7957259065073852,-0.7892858285907316,-7.04841556383583,5.6133966973083345,-0.7930552055167753,36.965776801397126
14.74,0.7377377377377378,-19.632352522910246,-7.118637192245423,-13.351736800104879,-19.65175826494194,-19.668778146345137,5.43173370695565,36.83008465391976,-0.8505329256132235,36.90686880194908,11.838170776222148,-25.969299870554995,24.69347997781693,5.569528170907769,-26.035237544646872,-0.7481352238702302,-19.67909813871645,-0.7956262839434454,-0.7893766532225865,-7.048640045404993,5.612527049903893,-0.7929044904886208,36.96562737380323
14.76,0.7387387387387387,-19.632597232400816,-7.11827498667789,-13.351994970403952,-19.65183712507311,-19.66875195171652,5.432699021156733,36.831418425676176,-0.8497557997274106,36.90706968156256,11.837745355989,-25.968821792773216,24.691186359128977,5.568996185309857,-26.03404605406103,-0.7487641971636784,-19.678901222402995,-0.7955267001104681,-0.7894653787297868,-7.048861571984926,5.611665107650346,-0.7927550749931388,36.96548033021471
14.780000000000001,0.7397397397397397,-19.632838801566777,-7.11791595360678,-13.352248519339055,-19.65191387410155,-19.668724294378855,5.4336514831628,36.83273744022553,-0.8489878406051268,36.90726885310657,11.837325085782402,-25.968347895575274,24.68890874147805,5.56846992424911,-26.032867750750825,-0.7493860205366468,-19.678704259389626,-0.7954271713279104,-0.7895520349589427,-7.049080185126966,5.610810808938839,-0.7926069563121779,36.96533562910264
14.8,0.7407407407407407,-19.63307726667957,-7.11756006808986,-13.352497512067991,-19.65198854800248,-19.668695208265827,5.43459127350437,36.83404183691582,-0.8482289399601679,36.90746632906209,11.836909901977291,-25.967878156135416,24.68664706714998,5.567949322766317,-26.03170249549533,-0.7500007473064862,-19.67850728086538,-0.7953277135077764,-0.7896366513835426,-7.049295925764804,5.609964092559831,-0.792460131487151,36.9651932295455
14.82,0.7417417417417418,-19.633312663635902,-7.1172073053296705,-13.35274201304752,-19.652061182238764,-19.668664726805453,5.435518570071679,36.83533175411657,-0.8474789907902425,36.90766212183049,11.836499741649058,-25.967412551389042,24.684401277757573,5.56743431662355,-26.03055015043792,-0.7506084307489207,-19.67831031725802,-0.7952283421616377,-0.7897192571096022,-7.049508834223616,5.609124897702389,-0.7923145973277557,36.96505309122218
14.84,0.7427427427427428,-19.633545027960036,-7.116857640674101,-13.352982086035675,-19.652131811766786,-19.668632882924772,5.436433548152358,36.836607329220875,-0.8467378873621052,36.907856243732994,11.83609454256929,-25.966951058045648,24.682171314257015,5.566924842298183,-26.029410579074074,-0.7512091240911446,-19.678113398247145,-0.7951290724075583,-0.7897998808811755,-7.049718950229082,5.608293163953415,-0.7921703504204471,36.96491517440503
14.86,0.7437437437437437,-19.633774394806128,-7.116511049616882,-13.353217794094254,-19.65220047104225,-19.66859970905457,5.437336380468659,36.83786869864766,-0.8460055251968404,36.90804870701024,11.835694243201413,-25.96649365260141,24.6799571169642,5.566420836976892,-26.02828364623925,-0.7518028805050745,-19.677916552777116,-0.7950299189769244,-0.7898785510857322,-7.0499263129162895,5.607468831296787,-0.7920273871366703,36.96477943995294
14.88,0.7447447447447447,-19.634000798960606,-7.116167507798002,-13.353449199591463,-19.652267194025992,-19.668565237134082,5.438227237214207,36.83911599784383,-0.8452818010552937,36.90823952382191,11.83529878269625,-25.966040311351392,24.677758625570902,5.565922238549618,-26.027169218096873,-0.7523897531007522,-19.677719809069853,-0.7949308962211818,-0.7899552957594074,-7.050130960838518,5.60665184011244,-0.7918857036408589,36.96464584930452
14.9,0.7457457457457457,-19.634224274844584,-7.115826991004046,-13.35367636420472,-19.652332014189724,-19.668529498615733,5.439106286090297,36.840349361286535,-0.8445666129236528,36.90842870624645,11.834908100887484,-25.965591010401408,24.675575779160827,5.565428985603504,-26.02606716212641,-0.7529697949198971,-19.677523194637455,-0.7948320181184794,-0.7900301425921243,-7.050332931975907,5.6058421311753825,-0.791745295898207,36.96451436447127
14.92,0.7467467467467468,-19.63444485651632,-7.115489475168472,-13.353899348923596,-19.652394964521744,-19.66849252446986,5.4399736923417406,36.841568922485486,-0.8438598599991742,36.908616266280795,11.834522138287026,-25.965145725679523,24.673408516225532,5.564941017416818,-26.024977347111527,-0.7535430589296052,-19.677326736294663,-0.7947332982802207,-0.7901031189325982,-7.050532263744007,5.605039645654642,-0.7916061596822211,36.96438494803089
14.94,0.7477477477477478,-19.634662577673716,-7.115154936371808,-13.354118214052905,-19.652456077532598,-19.66845434518944,5.440829618792256,36.84277481398528,-0.8431614426760572,36.90880221584029,11.834140836080325,-25.964704432947244,24.671256774680213,5.5644582739528445,-26.02389964312836,-0.7541095980161908,-19.677130460171174,-0.7946347499575249,-0.7901742517932211,-7.0507289930022194,5.604244325112161,-0.7914682905820571,36.96425756312055
14.96,0.7487487487487487,-19.634877471656832,-7.114823350841803,-13.354333019215918,-19.652515385260724,-19.668414990794847,5.44167422587941,36.84396716736782,-0.8424712625314622,36.90898656675852,11.833764136121587,-25.96426710781035,24.669120491879355,5.563980695853766,-26.022833921533852,-0.754669464979171,-19.67693439172378,-0.7945363860475979,-0.790243567854834,-7.050923156062124,5.603456111501631,-0.7913316840096492,36.964132173430265
14.98,0.7497497497497497,-19.635089571450465,-7.114494694953504,-13.354543823357709,-19.652572919278022,-19.668374490838584,5.442507671689123,36.845146113254735,-0.8417892223116744,36.909169330787314,11.833391980928935,-25.963833725729437,24.66699960463224,5.563508224434532,-26.02178005495421,-0.7552227125253872,-19.676738555748376,-0.7944382191000126,-0.7903110934713883,-7.051114788695686,5.6026749471672765,-0.7911963352066367,36.96400874319634
15.0,0.7507507507507507,-19.635298909686718,-7.114168945229285,-13.354750684748623,-19.652628710695407,-19.668332874410005,5.443330111989725,36.84631178130987,-0.8411152259184104,36.909350519596735,11.833024313679502,-25.963404262030114,24.66489404921833,5.563040801676714,-26.02073791727343,-0.7557693932632641,-19.67654297639178,-0.7943402613229023,-0.7903768546745017,-7.0513039261433565,5.601900774842592,-0.7910622392510946,36.963887237194825
15.02,0.7517517517517518,-19.63550551864762,-7.113846078338825,-13.35495366098786,-19.652682790168306,-19.668290170140068,5.444141700265578,36.84746430024184,-0.8404491783952676,36.90953014477517,11.832661078204458,-25.962978691912934,24.662803761402476,5.5625783702223535,-26.019707383621924,-0.7563095596972019,-19.676347677163413,-0.794242524589066,-0.7904408771779095,-7.051490603122065,5.601133537649025,-0.7909293910640728,36.96376762073504
15.040000000000001,0.7527527527527528,-19.635709430267763,-7.113526071099027,-13.355152809007167,-19.652735187902124,-19.66824640620606,5.444942587750273,36.8486037978066,-0.8397909859143156,36.90970821782941,11.832302218983994,-25.962556990463007,24.660728676450034,5.562120873367802,-26.018688330365247,-0.7568432642221002,-19.67615268094683,-0.7941450204419866,-0.7905031863818164,-7.051674853833095,5.600373179094616,-0.7907977854159488,36.96364985965317
15.06,0.7537537537537538,-19.635910676136962,-7.113208900473903,-13.355348185074636,-19.652785933657654,-19.66820161033632,5.445732923459383,36.84973040081009,-0.8391405557628275,36.90988475018485,11.831947681142239,-25.962139132659335,24.65866872914179,5.5616682550575645,-26.01768063509289,-0.7573705591180113,-19.675958010011076,-0.7940477601017645,-0.7905638073771525,-7.051856711969854,5.599619643072604,-0.7906674169326018,36.96353392030587
15.08,0.7547547547547547,-19.63610928750293,-7.112894543574401,-13.355539844798603,-19.652835056756448,-19.66815580981498,5.4465128542228065,36.85084423511091,-0.8384977963301525,36.910059753185664,11.831597410442143,-25.961725093383855,24.65662385378877,5.56122045987813,-26.01668417660719,-0.7578914965449197,-19.675763686021888,-0.7939507544709647,-0.7906227649497343,-7.052036210725532,5.598872873859984,-0.7905382801014099,36.963419769564
15.1,0.7557557557557557,-19.636305295273974,-7.112582977658205,-13.355727843131643,-19.652882586086147,-19.668109031486644,5.447282524716678,36.85194542562309,-0.8378626170947258,36.91023323809505,11.831251353280308,-25.961314847430234,24.654593984246876,5.560777433051818,-26.01569883491231,-0.7584061285376474,-19.67556973005277,-0.7938540141403819,-0.7906800835843353,-7.052213382800663,5.598132816116029,-0.7904103692770773,36.963307374806305
15.120000000000001,0.7567567567567568,-19.636498730021724,-7.11227418012948,-13.35591223437465,-19.65292855010577,-19.668061301761124,5.448042077494867,36.85303409631883,-0.8372349286112175,36.91040521609553,11.830909456681784,-25.96090836951237,24.65257905393141,5.560339120430621,-26.014724491203328,-0.7589145070008814,-19.675376162595885,-0.7937575493947208,-0.7907357874686689,-7.052388260410565,5.597399414880783,-0.7902836786872959,36.963196703913255
15.14,0.7577577577577578,-19.63668962198384,-7.111968128538601,-13.35609307218101,-19.652972976850947,-19.668012646618124,5.44879165302006,36.85411037023135,-0.8366146424978186,36.910575698289236,11.830571668294825,-25.960505634272657,24.650578995831417,5.55990546849005,-26.013761027855388,-0.759416683704321,-19.675183003572794,-0.7936613702181956,-0.7907899004972857,-7.052560875292684,5.596672615573514,-0.7901582024382454,36.963087725260856
15.16,0.7587587587587588,-19.636878001066766,-7.111664800581824,-13.356270409560846,-19.653015893939116,-19.667963091611917,5.44953138969444,36.8551743694578,-0.8360016714236627,36.91074469569827,11.830237936385613,-25.960106616289984,24.648593742523882,5.559476424322996,-26.012808328412962,-0.759912710277945,-19.67499027234507,-0.7935654863000474,-0.7908424462753891,-7.052731258713838,5.595952363991136,-0.7900339345199376,36.96298040771457
15.18,0.7597597597597597,-19.637063896848474,-7.111364174100944,-13.356444298885348,-19.65305732857468,-19.667912661876027,5.450261423889946,36.85622621516216,-0.8353959290963826,36.910912219265086,11.829908209832958,-25.95971129008751,24.646623226187792,5.559051935633598,-26.011866277579195,-0.760402638207394,-19.67479798772474,-0.793469907039982,-0.7908934481225702,-7.052899441477346,5.595238606306614,-0.7899108688114078,36.96287472062325
15.200000000000001,0.7607607607607607,-19.63724733858123,-7.111066227082915,-13.356614791891166,-19.653097307554106,-19.66786138212789,5.450981889978145,36.85726602757825,-0.8347973302498022,36.91107827985288,11.829582438122962,-25.959319630140172,24.64466737861803,5.5586319507311215,-26.010934761205323,-0.7608865188294672,-19.67460616798457,-0.7933746415535275,-0.7909429290764662,-7.0530654539300635,5.594531289067323,-0.789788999085758,36.96277063381315
15.22,0.7617617617617618,-19.637428355194356,-7.110770937659441,-13.356781939684877,-19.653135857270993,-19.667809276673488,5.451692920359699,36.858293926012735,-0.8342057906317601,36.91124288824603,11.82926057134367,-25.958931610881976,24.642726131239137,5.558216418523852,-26.01001366628021,-0.7613644033277333,-19.67441483086823,-0.7932796986773141,-0.7909909118963432,-7.0532293259693155,5.593830359193401,-0.7896683190150569,36.96266811758197
15.24,0.7627627627627628,-19.637606975297015,-7.110478284106545,-13.356945792747513,-19.653173003721083,-19.667756369411993,5.4523946454934356,36.85931002884825,-0.8336212269920672,36.91140605515055,11.828942560179696,-25.95854720671307,24.640799415118877,5.557805288513008,-26.009102880919926,-0.7618363427282494,-19.674223993600275,-0.7931850869742757,-0.7910374190666069,-7.053391087049729,5.593135763976065,-0.7895488221750994,36.96256714269297
15.26,0.7637637637637638,-19.637783227180986,-7.1101882448441085,-13.357106400939152,-19.653208772507234,-19.66770268384038,5.453087193925034,36.860314453546486,-0.8330435570705936,36.911567791194564,11.828628355906831,-25.95816639200659,24.638887160981707,5.557398510786669,-26.008202294357453,-0.7623023878953912,-19.674033672896012,-0.7930908147387752,-0.791082472800243,-7.053550766189966,5.592447451075914,-0.7894305020500304,36.96246768036911
15.280000000000001,0.7647647647647647,-19.637957138823445,-7.109900798435393,-13.35726381350356,-19.653243188844353,-19.667648243058007,5.453770692315321,36.861307316651406,-0.8324726995854879,36.9117281069288,11.828317910386641,-25.957789141115278,24.63698929922204,5.556996036013719,-26.007311796932456,-0.7627625895277879,-19.673843884971202,-0.7929968900016537,-0.7911260950421898,-7.05370839197936,5.591765368521207,-0.7893133520368361,36.962369702287276
15.3,0.7657657657657657,-19.638128737889755,-7.109615923586539,-13.357418079072884,-19.653276277564274,-19.667593069771225,5.454445265468185,36.86228873379244,-0.8319085742215241,36.91188701282711,11.828011176061048,-25.957415428377917,24.635105759917394,5.556597815437818,-26.006431280081138,-0.763216998154364,-19.673654645551622,-0.792903320535205,-0.7911683074726443,-7.053863992584457,5.591089464706122,-0.7891973654497062,36.96227318057254
15.32,0.7667667667667668,-19.638298051736253,-7.1093335991460425,-13.357569245672407,-19.653308063120587,-19.667537186297917,5.455111036358111,36.863258819687786,-0.8313511016185782,36.91204451928699,11.827708105946911,-25.95704522812554,24.633236472841343,5.5562038008713905,-26.00556063632618,-0.7636656641304832,-19.67346596988249,-0.7928101138580753,-0.7912091315103051,-7.054017595755455,5.590419688389002,-0.7890825355242721,36.96217808779246
15.34,0.7677677677677678,-19.638465107413044,-7.10905380410422,-13.357717360725326,-19.653338569593448,-19.66748061457205,5.455768126157341,36.86421768814771,-0.8308002033602313,36.91220063663014,11.82740865363059,-25.956678514687464,24.631381367476358,5.555813944689643,-26.004699759266778,-0.7641086376341946,-19.673277872737728,-0.792717277240091,-0.7912485883155532,-7.054169228832557,5.589755988690583,-0.788968855421722,36.96208439695144
15.36,0.7687687687687688,-19.638629931666777,-7.108776517592648,-13.357862471057594,-19.653367820694303,-19.667423376148204,5.456416654262668,36.865165452077946,-0.8302558019624996,36.91235537510303,11.827112773262515,-25.956315262397105,24.629540373026455,5.5554281998246,-26.003848543568743,-0.7645459686625782,-19.673090368429122,-0.7926248177070124,-0.7912866987935726,-7.054318918752229,5.589098315092207,-0.7888563182327988,36.961992081485164
15.38,0.7697697697697697,-19.63879255094344,-7.108501718883594,-13.358004622902783,-19.653395839770617,-19.66736549220606,5.457056738321852,36.866102223483075,-0.8297178208626893,36.912508744877464,11.826820419551746,-25.955955445597628,24.627713418429707,5.555046519759174,-26.003006884954697,-0.7649777070281896,-19.6729034708153,-0.792532742045218,-0.7913234835974137,-7.054466692053358,5.588446617434022,-0.7887449169816817,36.96190111525503
15.4,0.7707707707707707,-19.638952991391125,-7.108229387389433,-13.358143861906996,-19.65342264981051,-19.667306983554894,5.457688494259686,36.86702811347,-0.8291861844083767,36.912660756051146,11.82653154776054,-25.955599038647406,24.625900432370592,5.554668858521262,-26.002174680194344,-0.7654039023556004,-19.6727171933106,-0.7924410568063162,-0.7913589631309992,-7.054612574883332,5.587800845913171,-0.7886346446297572,36.9618114725427
15.42,0.7717717717717718,-19.639111278862835,-7.107959502662046,-13.358280233133796,-19.65344827344737,-19.66724787063803,5.458312036303691,36.86794323225145,-0.8286608178465107,36.91281141864832,11.82624611369892,-25.9552460159253,24.62410134329219,5.554295170677863,-26.001351827094833,-0.7658246040780343,-19.672531548893794,-0.7923497683116889,-0.7913931575520772,-7.054756593004016,5.587160951081968,-0.7885254940792796,36.961723128044625
15.44,0.7727727727727728,-19.639267438919227,-7.107692044392211,-13.35841378106918,-19.653472732964442,-19.667188173537276,5.4589274770094685,36.86884768914952,-0.8281416473126388,36.91296074262033,11.82596407371924,-25.954896351835774,24.622316079408215,5.5539254113292404,-26.000538224491187,-0.7662398614340964,-19.672346550116668,-0.7922588826569651,-0.7914260867751193,-7.054898771797652,5.586526883846067,-0.7884174581769268,36.961636056866695
15.46,0.7737737737737738,-19.639421496831396,-7.107426992408982,-13.358544549626574,-19.653496050299328,-19.667127911977346,5.459534927285686,36.86974159259928,-0.8276285998202539,36.91310873784626,11.825685384710772,-25.954550020813823,24.620544568714898,5.553559536103106,-25.99973377223682,-0.7666497234645943,-19.672162209112482,-0.7921684057164268,-0.7914577704741697,-7.055039136272663,5.585898595462619,-0.7883105297172518,36.96155023451889
15.48,0.7747747747747747,-19.63957347758363,-7.107164326679058,-13.358672582151842,-19.65351824704848,-19.66706710533023,5.46013449641873,36.8706250501524,-0.8271216032502611,36.913255414133545,11.82541000409429,-25.95420699732976,24.618786739002715,5.553197501148836,-25.998938371194136,-0.7670542390094501,-19.671978537604293,-0.7920783431473479,-0.7914882280856429,-7.055177711069371,5.585276037538427,-0.788204701446035,36.96146563690999
15.5,0.7757757757757757,-19.63972340587617,-7.106904027306143,-13.358797921428334,-19.653539344471636,-19.66700577261958,5.460726292097004,36.871498168480805,-0.8266205863405648,36.9134007812186,11.82513788981667,-25.95386725589383,24.617042517867954,5.55283926313173,-25.998151923225205,-0.7674534567047012,-19.671795546913135,-0.7919887003942665,-0.7915174788110743,-7.055314520465634,5.584659162028085,-0.788099966063538,36.96138224034236
15.52,0.7767767767767768,-19.639871306127933,-7.1066460745303,-13.358920609681933,-19.653559363496193,-19.666943932525037,5.46131042043489,36.87236105338042,-0.8261254786757741,36.91354484876742,11.824869000345496,-25.953530771060677,24.615311832724124,5.552484779227295,-25.997374331182513,-0.7678474249795879,-19.671613247966086,-0.7918994826931915,-0.7915455416198233,-7.055449588382395,5.584047921232121,-0.7879963162276625,36.96130002150674
15.540000000000001,0.7777777777777778,-19.640017202479278,-7.106390448727292,-13.359040688586136,-19.65357832472158,-19.666881603386546,5.461886985996377,36.873213809774924,-0.8256362106770246,36.91368762637626,11.824603294663689,-25.95319751743365,24.613594610813216,5.552134007115568,-25.9966054988998,-0.7682361920537283,-19.6714316513042,-0.791810695075745,-0.7915724352517322,-7.055582938389144,5.583442267795125,-0.7878937445570172,36.96121895747712
15.56,0.7787787787787788,-19.640161118794705,-7.106137130407927,-13.359158199267135,-19.653596248423536,-19.666818803208653,5.462456091818354,36.87405654171952,-0.8251527135919179,36.91382912357222,11.824340732264144,-25.95286746966897,24.611890779216804,5.55178690497548,-25.995845331182966,-0.7686198059343767,-19.671250767090303,-0.7917223423732398,-0.7915981782197401,-7.05571459370931,5.582842154703885,-0.7877922436338942,36.96113902570568
15.58,0.7797797797797797,-19.640303078665593,-7.105886100217384,-13.359273182308916,-19.65361315455839,-19.66675554966475,5.463017839433572,36.8748893524048,-0.8246749194845755,36.91396934981393,11.82408127314439,-25.952540602479747,24.610200264866993,5.551443431479251,-25.995093733801053,-0.7689983144137666,-19.671070605116682,-0.7916344292206955,-0.791622788812455,-7.055844577225558,5.582247535285502,-0.7876918060071583,36.96106020401769
15.6,0.7807807807807807,-19.640443105412885,-7.105637338934547,-13.359385677758365,-19.653629062767262,-19.666691860101324,5.463572328893286,36.875712344160604,-0.8242027612258076,36.91410831449216,11.823824877801266,-25.95221689063986,24.608522994557212,5.551103545786828,-25.99435061347731,-0.7693717650665339,-19.670891174812635,-0.7915469600607903,-0.7916462850966837,-7.05597291148501,5.5816583632055226,-0.7875924241950505,36.960982470606595
15.620000000000001,0.7817817817817818,-19.640581222089793,-7.105390827471326,-13.35949572513038,-19.653643992380253,-19.666627751542162,5.464119658789571,36.87652561845994,-0.8237361724833951,36.91424602693046,11.82357150722561,-25.951896308987713,24.606858894952857,5.550767207540355,-25.993615877880337,-0.7697402052472224,-19.670712485251897,-0.7914599391477524,-0.7916686849199221,-7.056099618704395,5.581074592466053,-0.787494090687909,36.96090580402902
15.64,0.7827827827827828,-19.640717451484477,-7.105146546871979,-13.35960336341299,-19.653657962420553,-19.666563240692522,5.4646599262773226,36.87732927592291,-0.823275087712484,36.91438249638583,11.823321122896985,-25.951578832429835,24.605207892601772,5.550434376858694,-25.99288943561529,-0.7701036820878675,-19.670534545159956,-0.791373370551191,-0.7916900059128066,-7.05622472077511,5.580496177403881,-0.7873967979508093,36.960830183199896
15.66,0.7837837837837838,-19.640851816122712,-7.104904478312427,-13.359708631072479,-19.65367099160854,-19.666498343943292,5.4651932270959485,36.87812341632072,-0.8228194421460907,36.91451773204929,11.82307368677841,-25.951264435944378,24.60356991394458,5.550105014331972,-25.99217119621517,-0.7704622424956583,-19.670357362921248,-0.791287258159866,-0.791710265491527,-7.056348239268209,5.57992307268859,-0.7873005384261256,36.96075558738763
15.68,0.7847847847847848,-19.640984338270545,-7.104664603099573,-13.359811566058498,-19.65368309836583,-19.666433077375107,5.465719655590737,36.87890813857967,-0.8223691717857184,36.91465174304662,11.822829161311125,-25.950953094584463,24.601944885324865,5.549779081016187,-25.991461070132196,-0.7708159331506766,-19.670180946586218,-0.7912016056854002,-0.7917294808602038,-7.056470195439315,5.579355233320681,-0.7872053045360159,36.960681996209296
15.700000000000001,0.7857857857857857,-19.641115039936935,-7.104426902670608,-13.359912205809193,-19.653694300819268,-19.666367456762444,5.466239304733934,36.8796835407852,-0.8219242133920824,36.9147845384389,11.822587509409386,-25.950644783481433,24.60033273299921,5.549456538427832,-25.990758968729214,-0.7711648005037111,-19.670005303878288,-0.7911164166659316,-0.7917476690132284,-7.056590610233461,5.578792614629686,-0.7871110886848324,36.96060938962589
15.72,0.7867867867867868,-19.641243942876383,-7.104191358592329,-13.360010587256319,-19.65370461680489,-19.666301497577688,5.466752266145505,36.88044972018602,-0.8214845044759436,36.914916127223215,11.822348694455268,-25.950339477847955,24.59873338314706,5.549137348538587,-25.990064804271235,-0.7715088907741456,-19.669830442200688,-0.791031694469709,-0.7917648467375696,-7.0567095042898496,5.57823517227229,-0.7870178832614593,36.96053774793763
15.74,0.7877877877877878,-19.64137106859154,-7.103957952560448,-13.360106746830352,-19.653714063871853,-19.66623521499517,5.467258630113606,36.88120677319816,-0.8210499832890492,36.91504651833323,11.822112680293515,-25.950037152981043,24.597146761880463,5.548821473770031,-25.98937848991699,-0.7718482499479214,-19.669656368643185,-0.7909474422986302,-0.791781030615046,-7.056826897946548,5.57768286223045,-0.7869256806415803,36.96046705177931
15.76,0.7887887887887888,-19.641496438335814,-7.103726666398898,-13.360200720465599,-19.653722659286288,-19.666168623895157,5.467758485614751,36.88195479540916,-0.8206205888151804,36.91517572063986,11.821879431226398,-25.949737784264933,24.595572795253634,5.5485088769884126,-25.988699939710603,-0.7721829237755702,-19.669483089988695,-0.7908636631917243,-0.7917962370245657,-7.056942811245105,5.577135640809515,-0.7868344731898772,36.960397282115686
15.780000000000001,0.7897897897897898,-19.64162007311595,-7.103497482059146,-13.36029254360529,-19.653730420035153,-19.66610173886784,5.468251920333697,36.88269388158221,-0.8201962607613046,36.91530374295187,11.821648912008623,-25.949441347173874,24.5940114092724,5.548199521499453,-25.988029068573294,-0.7725129577703185,-19.66931061271979,-0.7907803600285789,-0.791810482144334,-7.057057263935099,5.5765934646363515,-0.7867442532621614,36.96032842023693
15.8,0.7907907907907907,-19.641741993694595,-7.103270381619502,-13.360382251206671,-19.653737362830025,-19.666034574217278,5.46873902068303,36.8834241256604,-0.8197769395488324,36.91543059401651,11.821421087842255,-25.949147817274802,24.592462529903464,5.547893371043202,-25.987365792295183,-0.7728383972062617,-19.669138943025086,-0.7906975355327115,-0.7918237819540301,-7.057170275478619,5.576056290657469,-0.7866550132074401,36.960260447754095
15.82,0.7917917917917918,-19.641862220592852,-7.103045347284428,-13.36046987774608,-19.653743504110842,-19.665967143965297,5.469219871822472,36.884145620770894,-0.8193625663049773,36.915556282520136,11.821195924371672,-25.94885717022991,24.590926083083552,5.547590389788932,-25.986710027527156,-0.7731592871166059,-19.668968086805524,-0.7906151922748879,-0.7918361522369539,-7.057281865054673,5.575524076137149,-0.7865667453699199,36.96019334659469
15.84,0.7927927927927928,-19.641980774092822,-7.102822361383848,-13.360555457224015,-19.65374886004963,-19.665899461855386,5.469694557677905,36.88485845922924,-0.8189530828542185,36.915680817088784,11.820973387678558,-25.948569381799125,24.589401994728394,5.547290542330081,-25.98606169177279,-0.7734756722919777,-19.66879804968056,-0.7905333326763873,-0.791847608582143,-7.057392051563531,5.574996778655577,-0.7864794420909472,36.96012709899823
15.860000000000001,0.7937937937937938,-19.64209767424011,-7.102601406372464,-13.36063902317018,-19.653753446554163,-19.665831541356543,5.4701631609601185,36.88556273254363,-0.8185484317098647,36.915804206288826,11.820753444276926,-25.948284427842474,24.587890190741568,5.546993793679232,-25.98542070338036,-0.7737875972788001,-19.668628836994227,-0.7904519590122143,-0.7918581663864614,-7.057500853631,5.5744743561069825,-0.7863930957108897,36.960061687511846
15.88,0.7947947947947948,-19.642212940846335,-7.102382464829063,-13.360720608648526,-19.653757279271588,-19.665763395667092,5.470625763183277,36.88625853141921,-0.8181485560657173,36.91592645862754,11.820536061108168,-25.94800228432237,24.586390597023193,5.54670010926315,-25.984786981534906,-0.7740951063777333,-19.66846045382111,-0.7903710734142599,-0.7918678408566607,-7.057608289612631,5.573956766697774,-0.7863076985709581,36.95999709498602
15.9,0.7957957957957957,-19.64232659349162,-7.102165519455838,-13.36080024626227,-19.653760373592036,-19.66569503771848,5.471082444683118,36.88694594576241,-0.8177533997878347,36.9160475825537,11.820321205536146,-25.947722927305787,24.584903139478484,5.546409454917852,-25.984160446250378,-0.7743982436421797,-19.668292904972198,-0.7902906778744102,-0.7918766470114132,-7.057714377597868,5.573443968944686,-0.7862232430149718,36.95993330457026
15.92,0.7967967967967968,-19.64243865152706,-7.1019505530777005,-13.3608779681589,-19.653762744652163,-19.665626480179018,5.47153328463489,36.88762506468534,-0.817362907406393,36.91616758645821,11.820108845342315,-25.94744633296636,24.583427744026167,5.546121796883733,-25.983541018361823,-0.7746970528768522,-19.66812619500067,-0.7902107742476057,-0.7918845996833198,-7.057819135414125,5.572935921672932,-0.7861397213910682,36.959870299708854
15.94,0.7977977977977978,-19.64254913407716,-7.1017375486416014,-13.360953806035148,-19.65376440733866,-19.66555773545762,5.471978361071012,36.8882959765101,-0.8169770241076454,36.91628647867462,11.819898948720871,-25.947172477586395,24.581964336606738,5.545837101800727,-25.98292861951768,-0.7749915776364041,-19.667960328207553,-0.7901313642548498,-0.7918917135208908,-7.0579225806308035,5.5724325840143525,-0.7860571260533581,36.95980806413672
15.96,0.7987987987987988,-19.642658060042287,-7.101526489215849,-13.36102779114197,-19.653765376291727,-19.665488815707487,5.472417750898483,36.88895876877326,-0.8165956957259776,36.91640426747976,11.819691484273958,-25.946901337558785,24.5805128431906,5.545555336703525,-25.9823231721721,-0.7752818612241202,-19.667795308647275,-0.7900524494861693,-0.7918980029905034,-7.05802473056325,5.571933915405578,-0.785975449363528,36.95974658187524
15.98,0.7997997997997998,-19.64276544810107,-7.101317357989436,-13.361099954289477,-19.65376566590851,-19.665419732829765,5.472851529916026,36.88961352823022,-0.816218868736058,36.91652096109429,11.819486421006882,-25.946632889388844,24.57907318978604,5.545276469016829,-25.981724599577365,-0.7755679466906681,-19.667631140133153,-0.7899740314035256,-0.7919034823783326,-7.0581256022766485,5.571439875586192,-0.785894683692392,36.959685837228136
16.0,0.8008008008008007,-19.64287131671281,-7.101110138271363,-13.36117032585186,-19.653765290346495,-19.66535049847718,5.473279772830984,36.890260340859705,-0.8158464902450832,36.916636567683256,11.81928372832338,-25.946367109696077,24.57764530244709,5.54500046655066,-25.981132825776342,-0.7758498768329077,-19.667467826242756,-0.7898961113436784,-0.79190816579226,-7.0582252125898535,5.570950424596904,-0.7858148214213919,36.95962581477746
16.02,0.8018018018018018,-19.64297568411985,-7.100904813489967,-13.36123893577229,-19.65376426352687,-19.66528112405763,5.473702553275959,36.89089929186819,-0.8154785079851162,36.916751095356645,11.819083376020924,-25.94610397521584,24.57622910728122,5.544727297495705,-25.980547775595028,-0.7761276941927602,-19.667305370323195,-0.7898186905210018,-0.7919120671637584,-7.058323578079165,5.570465522777724,-0.7857358549440503,36.95956649937955
16.04,0.8028028028028028,-19.643078568349942,-7.100701367192253,-13.361305813567789,-19.65376259913784,-19.66521162073774,5.474119943825203,36.89153046569438,-0.8151148703055178,36.916864552169955,11.818885334286051,-25.94584346280096,24.574824530456933,5.544456930418716,-25.97996937463514,-0.7764014410561323,-19.667143775496307,-0.7897417700302553,-0.791915200249754,-7.058420715082043,5.569985130766143,-0.7856577766673752,36.959507876161055
16.06,0.8038038038038038,-19.64317998721859,-7.100499783043232,-13.36137098833408,-19.653760310637903,-19.665141999446405,5.474532016010769,36.892153946013735,-0.8147555261654682,36.91697694612473,11.818689573689747,-25.94558554942324,24.57343149821119,5.544189334257951,-25.979397549266782,-0.7766711594518984,-19.66698304466374,-0.7896653508493068,-0.7919175786344663,-7.058516639700771,5.569509209495324,-0.7855805790132185,36.95944993051505
16.080000000000002,0.8048048048048048,-19.643279958331373,-7.100300044825251,-13.361434488750414,-19.653757411259114,-19.66507227087828,5.474938840338414,36.892769815742966,-0.814400425126581,36.91708828516908,11.818496065182854,-25.945330212174934,24.572049936856708,5.543924478318667,-25.97883222662117,-0.7769368911509362,-19.666823180511983,-0.7895894338418119,-0.7919192157312259,-7.058611367806048,5.569037720192296,-0.7855042544195892,36.959392648097115
16.1,0.8058058058058059,-19.643378499086246,-7.1001021364373385,-13.361496343084365,-19.653753914010274,-19.665002445497244,5.475340486303269,36.89337815704455,-0.8140495173456049,36.917198577198235,11.81830478009152,-25.945077428270114,24.57067977278915,5.543662332268649,-25.978273334583406,-0.7771986776652183,-19.666664185517256,-0.7895140197598481,-0.7919201247842717,-7.058704915040541,5.568570624376154,-0.7854287953419228,36.95933601482152
16.12,0.8068068068068068,-19.643475626675837,-7.099906041894549,-13.361556579196604,-19.653749831680102,-19.664932533539837,5.475737022405267,36.89397905133131,-0.8137027535672158,36.917307830055044,11.818115690112693,-25.944827175045997,24.569320932494136,5.543402866133798,-25.97772080178535,-0.7774565602469558,-19.66650606195036,-0.789439109246505,-0.7919203188705273,-7.058797296822371,5.5681078838562685,-0.7853541942543084,36.959280016857406
16.14,0.8078078078078078,-19.64357135808971,-7.0997117453273075,-13.361615224545634,-19.653745176840378,-19.66486254501865,5.4761285161643425,36.894572579270914,-0.8133600851168947,36.9174160515305,11.817928767309645,-25.94457942996418,24.567973342554172,5.5431460502937515,-25.977174557598506,-0.7777105798877947,-19.66634881188142,-0.7893647028384309,-0.7919198109013568,-7.058888528348553,5.5676494607305,-0.7852804436506734,36.95922464062507
16.16,0.8088088088088088,-19.64366571011661,-7.0995192309807615,-13.361672306192515,-19.653739961849034,-19.6647924897257,5.476515034135404,36.895158820790506,-0.8130214638938945,36.917523249364244,11.817743984107542,-25.944334170611832,24.56663692965541,5.542891855477564,-25.976634532127015,-0.7779607773180647,-19.666192437184524,-0.7892908009683369,-0.7919186136243007,-7.058978624598372,5.567195317383421,-0.7852075360459274,36.9591698727922
16.18,0.8098098098098098,-19.64375869934671,-7.099328483214134,-13.361727850805543,-19.653734198853225,-19.664722377235755,5.476896641923072,36.89573785508126,-0.8126868423642905,36.91762943124507,11.817561313289046,-25.944091374702815,24.5653116205943,5.542640252759424,-25.976100656200675,-0.7782071930060775,-19.66603693954232,-0.7892174039674588,-0.7919167396247934,-7.059067600336718,5.56674541648454,-0.7851354639770675,36.95911570027028
16.2,0.8108108108108109,-19.6438503421738,-7.099139486500082,-13.361781884664904,-19.65372789979234,-19.664652216909644,5.477273404196202,36.896309760602946,-0.8123561735541172,36.91773460481139,11.817380727989965,-25.94385102007873,24.56399734228411,5.542391213554414,-25.975572861368036,-0.7784498671574758,-19.665882320450496,-0.7891445120679769,-0.7919142013278602,-7.059155470117361,5.566299720986546,-0.7850642200042438,36.959062110210894
16.22,0.8118118118118118,-19.6439406547975,-7.098952225424056,-13.3618344336673,-19.653721076401002,-19.664582017897516,5.477645384702184,36.896874615088585,-0.8120294110425886,36.91783877765177,11.817202201694936,-25.943613084709924,24.56269402176132,5.542144709614332,-25.97505107988955,-0.7786888397146307,-19.665728581222204,-0.789072125405395,-0.791911010999797,-7.0592422482861785,5.565858194123543,-0.7849937967117886,36.95900909000217
16.240000000000002,0.8128128128128128,-19.644029653225427,-7.098766684683665,-13.361885523330544,-19.653713740212027,-19.66451178914208,5.4780126462810195,36.89743249554902,-0.8117065089554019,36.91794195730534,11.817025708233144,-25.943377546696436,24.561401586191874,5.541900713023538,-25.97453524473079,-0.7789241503560879,-19.665575722992376,-0.7890002440208795,-0.7919071807498311,-7.059327948984333,5.565420799409306,-0.7849241867092076,36.95895662726525
16.26,0.8138138138138138,-19.64411735327534,-7.098582849088046,-13.361935178798127,-19.653705902559338,-19.664441539381794,5.478375250879195,36.897983478277546,-0.8113874219581223,36.918044151262315,11.816851221774096,-25.94314438426887,24.560119962877337,5.541659196194863,-25.974025289555716,-0.7791558384960606,-19.665423746721988,-0.7889288678635574,-0.7919027225317643,-7.059412586151393,5.564987500635535,-0.7848553826321366,36.95890470985077
16.28,0.8148148148148148,-19.644203770577295,-7.098400703557233,-13.361983424843737,-19.653697574580857,-19.664371277154057,5.478733259563333,36.89852763885455,-0.8110721052496505,36.91814536696443,11.816678716823414,-25.942913575789223,24.558849079260906,5.541420131865554,-25.973521148719993,-0.7793839432839695,-19.665272653202233,-0.7888579967927756,-0.7918976481455985,-7.05949617352842,5.564558261870122,-0.7847873771432627,36.9588533258354
16.3,0.8158158158158159,-19.644288920575743,-7.098220233121534,-13.362030285875766,-19.65368876722135,-19.664301010798322,5.479086732533638,36.89906505215213,-0.8107605145557693,36.91824561180541,11.816508168218686,-25.942685099751667,24.557588862933308,5.541183493093265,-25.973022757264392,-0.7796085036040279,-19.665122443058625,-0.7887876305803219,-0.7918919692391445,-7.059578724660991,5.564133047455424,-0.7847201629332121,36.95880246351842
16.32,0.8168168168168168,-19.644372818531643,-7.098041422920909,-13.362075785941775,-19.653679491235252,-19.66423074845921,5.4794357291371405,36.89959579233874,-0.8104526061227699,36.91834489313139,11.816339551125344,-25.94245893478327,24.55633924163857,5.540949253252099,-25.97253005090823,-0.779829558074872,-19.66497311675501,-0.7887177689126066,-0.7918856973096133,-7.059660252902183,5.563711822006542,-0.7846537327214043,36.95875211141834
16.34,0.8178178178178178,-19.644455479524527,-7.097864258204353,-13.362119948732916,-19.653669757189448,-19.664160498089583,5.479780307880733,36.90011993288383,-0.8101483367111577,36.91844321824138,11.816172841032593,-25.942235059644673,24.555100143279688,5.5407173860286845,-25.972042966042864,-0.7800471450492354,-19.66482467459754,-0.7886484113928076,-0.7918788437051917,-7.05974077141551,5.56329455040961,-0.7845880792568743,36.958702258269575
16.36,0.8188188188188188,-19.644536918454577,-7.0976887243292826,-13.362162797588345,-19.653659575466026,-19.66409026745357,5.480120526444007,36.90063754656253,-0.809847663589434,36.91854059438768,11.816008013749368,-25.9420134532307,24.55387149592414,5.540487865418307,-25.97156143972525,-0.7802613026136673,-19.664677116738527,-0.7885795575429774,-0.7918714196266006,-7.059820293177812,5.562881197820091,-0.7845231953190646,36.95865289301913
16.38,0.8198198198198198,-19.644617150044645,-7.097514806760922,-13.362204355499577,-19.653648956265,-19.664020064129588,5.480456441691891,36.901148705460244,-0.8095505445279564,36.91863702877632,11.81584504540034,-25.94179409457095,24.552653227809333,5.540260665721079,-25.971085409671556,-0.7804720685882921,-19.66453044318026,-0.7885112068061131,-0.7918634361286387,-7.059898830982101,5.562471729661077,-0.7844590737185845,36.958604004823314
16.4,0.8208208208208209,-19.644696188842296,-7.097342491071701,-13.362244645114812,-19.653637909606974,-19.663949895513298,5.480788109687099,36.90165348097737,-0.8092569377928732,36.91873252856744,11.815683912421964,-25.94157696283032,24.551445267347887,5.540035761538152,-25.97061481425083,-0.7806794805266121,-19.66438465377875,-0.788443358548192,-0.7918549041217099,-7.059976397440361,5.562066111621604,-0.7843957072979417,36.95855558304457
16.42,0.8218218218218218,-19.64477404922179,-7.097171762940648,-13.362283688743242,-19.65362644533583,-19.66387976882056,5.48111558570238,36.90215194383392,-0.8089668021401345,36.91882710087574,11.81552459155855,-25.94136203730949,24.55024754313283,5.539813127767979,-25.970149592478723,-0.7808835757153503,-19.66423974824738,-0.7883760120601699,-0.7918458343733348,-7.060053004986303,5.56166430965497,-0.7843330889322437,36.95850761724825
16.44,0.8228228228228228,-19.64485074538609,-7.097002608152791,-13.362321508359301,-19.653614573121324,-19.663809691090332,5.481438924232582,36.90264416407419,-0.8086800968095762,36.91892075277086,11.815367059858394,-25.941149297445353,24.549059983942673,5.5395927396026154,-25.969689684011268,-0.7810843911743343,-19.66409572616051,-0.7883091665599449,-0.7918362375096486,-7.0601286658780795,5.561266289977059,-0.7842712115298716,36.95846009719947
16.46,0.8238238238238238,-19.644926291368808,-7.0968350125985635,-13.362358125606896,-19.65360230246167,-19.663739669187546,5.481758179006529,36.90313021107143,-0.8083967815190783,36.91901349127778,11.815211294669943,-25.940938722811442,24.54788251874637,5.539374572524066,-25.9692350291387,-0.7812819636564194,-19.66395258695702,-0.7882428211942861,-0.7918261240168823,-7.0602033922009575,5.560872019064681,-0.7842100680331252,36.95841301286002
16.48,0.8248248248248248,-19.645000701036157,-7.096668962273209,-13.362393561803591,-19.653589642686125,-19.66366970980595,5.482073402998713,36.9036101535325,-0.808116816458795,36.9191053233772,11.815057273637988,-25.940730293118257,24.546715076708175,5.539158602300673,-25.968785568779364,-0.7814763296474508,-19.663810329943757,-0.7881769750407294,-0.7918155042428312,-7.060277195869945,5.560481463653908,-0.7841496514188435,36.958366354385284
16.5,0.8258258258258259,-19.645073988088885,-7.096504443276191,-13.362427837944766,-19.65357660295749,-19.66359981947093,5.482384648440805,36.90408405950252,-0.8078401622854564,36.919196256005925,11.814904974699916,-25.940523988213602,24.545557587192373,5.5389448049835455,-25.968341244473628,-0.7816675253662633,-19.663668954298956,-0.788111627109438,-0.7918043883983069,-7.060350088632381,5.560094590738428,-0.7840899546989969,36.95832011212121
16.52,0.8268268268268268,-19.645146166064176,-7.096341441810611,-13.362460974707734,-19.65356319227461,-19.663530004542277,5.482691966832984,36.90455199636957,-0.8075667801167418,36.919286296057244,11.814754376081982,-25.940319788082853,24.54440997976792,5.538733156903038,-25.967901998377886,-0.7818555867647192,-19.663528459075554,-0.7880467763450317,-0.7917927865585779,-7.060422082070482,5.559711367567903,-0.7840309709212551,36.9582742766013
16.54,0.8278278278278278,-19.645217248337545,-7.096179944182621,-13.36249299245582,-19.653549419474846,-19.66346027121694,5.482995408955096,36.905014030869296,-0.8072966315257216,36.919375450381274,11.814605456295638,-25.9401176728492,24.543272184212967,5.538523634665262,-25.967467773258612,-0.7820405495277832,-19.663388843204483,-0.7879824216283812,-0.7917807086647934,-7.060493187603849,5.559331761646333,-0.7839726931695296,36.95822883854369
16.56,0.8288288288288288,-19.645287248124706,-7.0960199368008485,-13.362523911242413,-19.653535293236505,-19.66339062553174,5.483295024877632,36.9054702290896,-0.8070296785353701,36.91946372578535,11.814458194133886,-25.93991762277386,24.542144130519272,5.538316215148649,-25.967038512486436,-0.7822224490736321,-19.663250105497877,-0.7879185617783723,-0.7917681645253959,-7.06056341649194,5.558955740730433,-0.7839151145644928,36.95818378884819
16.580000000000002,0.8298298298298298,-19.64535617848344,-7.095861406175816,-13.362553750814966,-19.65352082208124,-19.663321073366056,5.48359086397254,36.90592065647529,-0.8067658836131449,36.91955112903435,11.81431256866768,-25.939719618256227,24.541025748896526,5.538110875500544,-25.9666141600303,-0.7824013205538015,-19.663112244652215,-0.787855195553637,-0.7917551638175183,-7.060632779836495,5.5585832728280105,-0.7838582282640731,36.95813911859341
16.6,0.8308308308308309,-19.645424052315406,-7.095704338919371,-13.362582530618978,-19.65350601437643,-19.66325162044448,5.483882974923863,36.90636537783271,-0.806505209665635,36.91963766685107,11.814168559242365,-25.939523639834025,24.539916969776545,5.53790759313385,-25.966194660451663,-0.7825771988533656,-19.662975259251425,-0.7877923216542545,-0.7917417160883691,-7.060701288583931,5.55821432619636,-0.7838020274639271,36.958094819033924
16.62,0.8318318318318318,-19.64549088236798,-7.095548721744119,-13.362610269801928,-19.65349087833751,-19.663182272339434,5.484171405738214,36.906804457334395,-0.8062476200332749,36.919723345916516,11.814026145474154,-25.939329668183394,24.538817723817385,5.537706345723712,-25.965779958898736,-0.7827501185911528,-19.662839147769912,-0.7877299387234199,-0.7917278307566037,-7.0607689535276945,5.557848869340658,-0.7837465053978893,36.95805088159744
16.64,0.8328328328328328,-19.645556681236048,-7.0953945414628485,-13.362636987217176,-19.65347542203031,-19.66311303447376,5.4844562037550855,36.90723795852374,-0.8059930784851251,36.91980817287028,11.813885307246641,-25.93913768411896,24.537727941907352,5.537507111204233,-25.965370001100798,-0.7829201141199931,-19.66270390857553,-0.7876680453490837,-0.7917135171136834,-7.060835785310581,5.557486871012368,-0.7836916553384002,36.95800729788202
16.66,0.8338338338338338,-19.645621461363778,-7.095241784987979,-13.36266270142782,-19.65345965337332,-19.663043912123285,5.484737415657,36.90766594431957,-0.8057415492137178,36.919892154310865,11.813746024707358,-25.938947668593887,24.536647555168898,5.537309867765242,-25.964964733362535,-0.7830872195269991,-19.662569539932502,-0.7876066400655615,-0.7916987843252212,-7.060901794427014,5.557128300207654,-0.783637470596914,36.95796405965337
16.68,0.8348348348348348,-19.645685235046397,-7.095090439330992,-13.36268743071053,-19.653443580139953,-19.66297491041935,5.485015087479496,36.908088477020826,-0.8054929968299661,36.91997529679596,11.813608278264365,-25.93875960269985,24.535576494962424,5.537114593849094,-25.964564102558437,-0.7832514686338794,-19.662436040004287,-0.7875457213551128,-0.7916836414323152,-7.060966991225293,5.556773126165802,-0.7835839445242843,36.9579211588421
16.7,0.8358358358358359,-19.64574801443192,-7.094940491601878,-13.362711193059338,-19.65342720996077,-19.662906034351295,5.485289264620959,36.90850561831115,-0.8052473863581382,36.92005760684281,11.813472048582883,-25.938573467667045,24.53451469289,5.5369212681475135,-25.964168056127253,-0.7834128949972826,-19.66230340685638,-0.7874852876494924,-0.7916680973528694,-7.061031385909801,5.55642131836765,-0.7835310705111305,36.95787858754105
16.72,0.8368368368368369,-19.64580981152289,-7.09479192900858,-13.362734006189386,-19.653410550325695,-19.662837288768944,5.485559991852297,36.908917429263525,-0.8050046832308928,36.92013909092849,11.813337316581958,-25.938389244864112,24.533462080798962,5.5367298695984735,-25.963776542066487,-0.783571531909173,-19.662171638459068,-0.7874253373314721,-0.7916521608829026,-7.061094988543184,5.556072846534022,-0.7834788419881848,36.957836338002686
16.740000000000002,0.8378378378378378,-19.64587063817809,-7.094644738856446,-13.362755887540644,-19.653393608586168,-19.66276867838503,5.4858273133264674,36.909323970344836,-0.8047648532843781,36.920219755490194,11.813204063431172,-25.938206915798062,24.532418590785436,5.536540377383117,-25.96338950892694,-0.7837274123972358,-19.66204073269013,-0.7873658687363349,-0.7916358406978454,-7.06115780904849,5.555727680624177,-0.78342725242662,36.957794402636445
16.76,0.8388388388388388,-19.64593050611421,-7.094498908547675,-13.362776854281591,-19.653376391957295,-19.66270020777761,5.486091272587851,36.909725301420515,-0.8045278627533907,36.92029960692559,11.813072270547384,-25.93802646211417,24.531384155197756,5.5363527709227185,-25.96300690580731,-0.7838805692253126,-19.661910687337492,-0.7873068801533405,-0.7916191453538247,-7.061219857211277,5.555385790834256,-0.7833762953383581,36.95775277400622
16.78,0.8398398398398398,-19.645989426907562,-7.094354425580778,-13.362796923312859,-19.65335890751997,-19.662631881392436,5.486351912581473,36.910121481759106,-0.8042936782665964,36.92037865159303,11.81294191959151,-25.937847865595838,24.530358706639788,5.536167029875676,-25.962628682348814,-0.7840310348938657,-19.66178150010181,-0.7872483698271646,-0.7916020832889363,-7.061281142681691,5.555047147595747,-0.7833259642763616,36.95771144482777
16.8,0.8408408408408409,-19.646047411995696,-7.094211277550028,-13.362816111270833,-19.653341162222965,-19.662563703545302,5.486609275662085,36.910512570036836,-0.8040622668418095,36.92045689581191,11.812812992465345,-25.937671108164437,24.52934217797417,5.53598313413455,-25.962254788729908,-0.7841788416404708,-19.66165316859902,-0.7871903359593102,-0.7915846628245069,-7.061341674976503,5.55471172157395,-0.7832762528349075,36.957670407966276
16.82,0.8418418418418419,-19.646104472679063,-7.094069452144928,-13.362834434531228,-19.653323162884988,-19.662495678424367,5.486863403603101,36.9108986243422,-0.8038335958813321,36.92053434586288,11.812685471308411,-25.937496171879122,24.528334502325453,5.535801063823132,-25.961885175660996,-0.7843240214403371,-19.661525690362843,-0.787132776709493,-0.7915668921663435,-7.061401463481127,5.554379483666453,-0.7832271546498432,36.9576296564338
16.84,0.8428428428428428,-19.646160620122636,-7.093928937149666,-13.362851909212617,-19.653304916196717,-19.66242781009244,5.487114337605392,36.9112797021805,-0.8036076331673515,36.92061100798817,11.812559338494854,-25.937323038936615,24.527335613083164,5.535620799293556,-25.961519794379225,-0.7844666060068557,-19.661399062847224,-0.787075690197,-0.791548779405972,-7.061460517451596,5.554050405001615,-0.7831786633988264,36.957589183386915
16.86,0.8438438438438438,-19.646215865357505,-7.093789720442588,-13.362868551179927,-19.65328642872282,-19.66236010248923,5.4873621183059385,36.9116558604784,-0.8033843468573955,36.92068688839182,11.81243457663037,-25.93715169167099,24.526345443904763,5.535442321123448,-25.9611585966433,-0.7846066267921737,-19.66127328342873,-0.7870190745020231,-0.7915303325218649,-7.061518846016506,5.553724456937059,-0.7831307728015487,36.95754898212424
16.88,0.8448448448448448,-19.646270219282474,-7.0936517899956595,-13.362884376047901,-19.65326770690393,-19.662292559433602,5.487606785786348,36.91202715558845,-0.8031637054798435,36.92076199323997,11.812311168549165,-25.936982112553405,24.525363928718527,5.5352656101130995,-25.960801534728372,-0.7847441149877953,-19.66114834940891,-0.7869629276669667,-0.7915115593806568,-7.061576458178942,5.5534016110581685,-0.7830834766199435,36.9575090460841
16.9,0.8458458458458459,-19.64632369266563,-7.093515133873939,-13.362899399184519,-19.653248757058602,-19.662225184625743,5.487848379581241,36.912393643293626,-0.8029456779294956,36.9208363286611,11.812189097310961,-25.936814284191833,24.524391001726343,5.535090647282696,-25.96044856142095,-0.7848791015252072,-19.661024258016596,-0.786907247697731,-0.7914924677383498,-7.061633362818361,5.5530818391765955,-0.7830367686583779,36.95746936884219
16.92,0.8468468468468469,-19.646376296145895,-7.093379740235051,-13.362913635714383,-19.653229585385258,-19.662157981649358,5.48808693868649,36.91275537881182,-0.8027302334631955,36.9209099007463,11.812068346198023,-25.936648189330764,24.523426597406413,5.534917413869566,-25.96009963001386,-0.7850116170765307,-19.660901006410157,-0.786852032564969,-0.7914730652415084,-7.061689568692447,5.552765113328772,-0.7829906427638309,36.95742994410924
16.94,0.8478478478478478,-19.64642804023457,-7.093245597328662,-13.362927100522077,-19.653210197964075,-19.66209095397381,5.488322501567349,36.91311241680036,-0.8025173416955096,36.920982715549485,11.811948898712238,-25.936483810850888,24.52247065051589,5.534745891325471,-25.959754694301267,-0.7851416920551965,-19.660778591679723,-0.7867972802053217,-0.7914533594284421,-7.061745084438948,5.552451405774433,-0.782945092826056,36.95739076572875
16.96,0.8488488488488488,-19.646478935316853,-7.093112693495956,-13.362939808255469,-19.653190600758887,-19.662024104956227,5.488555106166429,36.913464811360456,-0.8023069725944594,36.921054779087655,11.811830738572212,-25.936321131768754,24.521523096093397,5.534576061313929,-25.959413708573717,-0.785269356616645,-19.66065701084936,-0.7867429885226274,-0.7914333577303792,-7.06179991857747,5.552140688995146,-0.7829001127777299,36.957351827674735
16.98,0.8498498498498498,-19.64652899165334,-7.092981017169121,-13.362951773328998,-19.653170799619023,-19.661957437843597,5.488784789911568,36.913812616041696,-0.8020990964773076,36.92112609734115,11.811713849710415,-25.936160135236424,24.52058386946151,5.534407905707578,-25.95907662761323,-0.7853946406590488,-19.660536260879184,-0.7866891553891079,-0.7914130674726289,-7.061854079511251,5.551832935692845,-0.7828556965945875,36.957313124049506
17.0,0.8508508508508509,-19.64657821938152,-7.092850556870823,-13.362963009926913,-19.653150800281157,-19.66189095577483,5.489011589723561,36.914155883846504,-0.8018936840063972,36.92119667625386,11.811598216270355,-25.93600080454109,24.519652906229133,5.534241406585564,-25.958743406688452,-0.7855175738240587,-19.66041633866746,-0.7866357786465324,-0.7913924958757332,-7.06190757552891,5.551528118788378,-0.7828118382955441,36.95727464908149
17.02,0.8518518518518519,-19.646626628517247,-7.092721301213697,-13.362973532006484,-19.6531306083711,-19.661824661782777,5.489235542023772,36.914494667234564,-0.8016907061850422,36.92126652173344,11.811483822603785,-25.935843123104693,24.518730142293784,5.534076546230971,-25.958414001549837,-0.7856381854975717,-19.66029724105264,-0.786582856107358,-0.7913716500566091,-7.061960414806155,5.551226211420055,-0.7827685319428034,36.95723639712306
17.04,0.8528528528528528,-19.64667422895619,-7.092593238899833,-13.362983353301168,-19.653110229405602,-19.661758558796247,5.4894566827416265,36.91482901812724,-0.8014901343534708,36.92133563965158,11.811370653267947,-25.9356870744835,24.517815513843832,5.533913307128282,-25.958088368424868,-0.785756504810521,-19.660178964815362,-0.7865303855558469,-0.7913505370296795,-7.0620126054074825,5.550927186942208,-0.7827257716419538,36.95719836264842
17.06,0.8538538538538538,-19.646721030475284,-7.092466358720267,-13.36299248732375,-19.653089668794095,-19.66169264964198,5.489675047321977,36.91515898791202,-0.8012919401848182,36.921404035844176,11.811258693022845,-25.935532642367694,24.516908957360634,5.533751671960869,-25.95776646401333,-0.7858725606396872,-19.660061506680417,-0.7864783647491631,-0.7913291637079952,-7.062064155287837,5.55063101892376,-0.7826835515420522,36.95716054025149
17.080000000000002,0.8548548548548548,-19.646767042734147,-7.092340649554468,-13.363000947369441,-19.65306893184044,-19.6616269370466,5.489890670732359,36.915484627446865,-0.8010960956811706,36.921471716111576,11.81114792682856,-25.935379810580923,24.516010409620613,5.533591623608524,-25.95744824548261,-0.7859863816085307,-19.659944863318675,-0.7864267914184462,-0.791307536904346,-7.06211507229425,5.550337681146794,-0.7826418658356954,36.957122924643855
17.1,0.8558558558558559,-19.646812275276496,-7.092216100369837,-13.363008746518947,-19.65304802374464,-19.661561423638524,5.490103587470129,36.915805987064616,-0.8009025731696578,36.92153868621877,11.811038339842591,-25.93522856307985,24.51511980769724,5.533433145145016,-25.957133670463076,-0.7860979960880434,-19.659829031348963,-0.7863756632698636,-0.791285663332362,-7.062165364167452,5.5500471476051345,-0.7826007087590808,36.9570855106527
17.12,0.8568568568568569,-19.64685673753153,-7.0920927002212,-13.363015897641496,-19.653026949604524,-19.661496111949884,5.490313831569478,36.91612311657733,-0.800711345298596,36.92160495189561,11.810929917417228,-25.935078883953675,24.514237088962958,5.533276219835678,-25.956822697043446,-0.7862074321976216,-19.659714007339907,-0.7863249779856427,-0.7912635496076064,-7.062215038543459,5.549759392502939,-0.7825600745920547,36.95704829321882
17.14,0.8578578578578578,-19.646900438815315,-7.091970438250306,-13.363022413397838,-19.65300571441743,-19.661431004418375,5.49052143660835,36.91643606528067,-0.8005223850336776,36.92167051883702,11.810822645096959,-25.93493075742366,24.51336219109104,5.533120831135038,-25.95651528376624,-0.7863147178059567,-19.65959978781175,-0.7862747332250812,-0.7912412022486556,-7.062264102955137,5.549474390253292,-0.7825199576581501,36.95701126739461
17.16,0.8588588588588588,-19.646943388332158,-7.09184930368533,-13.363028306243201,-19.652984323081828,-19.661366103389113,5.490726435715236,36.91674488195817,-0.8003356656542094,36.92173539270316,11.810716508615917,-25.93478416784262,24.51249505205735,5.532966962684464,-25.956211389623252,-0.7864198805319464,-19.659486369238117,-0.7862249266255374,-0.7912186276781732,-7.062312564833737,5.549192115476805,-0.7824803523246142,36.95697442834214
17.18,0.8598598598598598,-19.64698559517593,-7.09172928584037,-13.36303358843023,-19.652962780398962,-19.661301411116444,5.490928861575863,36.917049614885585,-0.8001511607493981,36.92179957911967,11.810611493895344,-25.934639099694408,24.511635610142054,5.532814598309851,-25.955910974051065,-0.7865229477456227,-19.65937374804775,-0.7861755558034003,-0.7911958322239722,-7.0623604315104105,5.54891254300023,-0.7824412530024251,36.9569377713312
17.2,0.8608608608608609,-19.647027068331422,-7.091610374114956,-13.363038272011869,-19.65294109107444,-19.661236929765742,5.49112874643978,36.91735031183518,-0.7999688442146814,36.92186308367782,11.8105075870411,-25.93449553759341,24.510783803931254,5.532663722019339,-25.955613996926612,-0.7866239465690987,-19.6592619206262,-0.7861266183550392,-0.7911728221200677,-7.0624077102177,5.548635647855075,-0.7824026541462983,36.956901291737395
17.22,0.8618618618618619,-19.647067816675644,-7.091492557993552,-13.363042368844225,-19.652919259719816,-19.66117266141518,5.4913261221268295,36.91764702007998,-0.7997886902481057,36.92192591193472,11.810404774341194,-25.934353466283987,24.50993957231856,5.5325143180010565,-25.95532041856277,-0.7867229038775331,-19.65915088331751,-0.7860781118577357,-0.7911496035077219,-7.062454408091004,5.5483614052762285,-0.7823645502546841,36.956864985040305
17.240000000000002,0.8628628628628628,-19.647107848979147,-7.091375827045066,-13.363045890589392,-19.65289729085415,-19.66110860805746,5.491521020033523,36.91793978639806,-0.7996106733467492,36.92198806941351,11.810303042263357,-25.934212870639932,24.509102854506587,5.5323663706208945,-25.955030199704012,-0.7868198463001105,-19.65904063242582,-0.7860300338705942,-0.791126182436478,-7.0625005321700245,5.5480897907005895,-0.7823269358697547,36.95682884682159
17.26,0.8638638638638638,-19.647147173907292,-7.09126017092236,-13.36304884871825,-19.652875188905536,-19.661044771601542,5.4917134711393105,36.918228657076725,-0.7994347683031888,36.9220495616035,11.81020237745263,-25.93407373566391,24.50827359000838,5.532219864420311,-25.954743301522065,-0.7869148002210395,-19.658931164216984,-0.7859823819354349,-0.7911025648651857,-7.0625460894001835,5.547820779765708,-0.7822898055773825,36.956792872763195
17.28,0.8648648648648649,-19.64718580002154,-7.091145579361758,-13.363051254513216,-19.652852958212627,-19.66098115387433,5.491903506012751,36.9185136779168,-0.7992609502020127,36.92211039396041,11.810102766728996,-25.93393604648689,24.50745171864879,5.532074784114167,-25.954459685611635,-0.7870077917805665,-19.65882247492011,-0.7859351535776676,-0.7910787566630177,-7.062591086634026,5.547554348308429,-0.7822531540071096,36.95675705864557
17.3,0.8658658658658659,-19.6472237357807,-7.091032042182563,-13.363053119070972,-19.652830603026114,-19.660917756622343,5.4920911548175795,36.91879489423676,-0.7990891944163747,36.9221705719065,11.810004197085037,-25.933799788367562,24.50663718056578,5.531931114588588,-25.954179313986163,-0.7870988468760041,-19.658714560729116,-0.7858883463071465,-0.7910547636104766,-7.062635530632595,5.547290472363546,-0.7822169758321081,36.956721400345856
17.32,0.8668668668668669,-19.64726098954218,-7.090919549286572,-13.363054453305164,-19.652808127510216,-19.660854581513348,5.492276447318684,36.91907235087695,-0.7989194766045928,36.922230100830745,11.809906655683623,-25.93366494669174,24.505829916211646,5.5317888408988525,-25.953902149073613,-0.7871879911627766,-19.658607417804202,-0.7858419576190094,-0.7910305914003931,-7.06267942806679,5.547029128162459,-0.7821812657691329,36.95668589383618
17.34,0.8678678678678678,-19.647297569563218,-7.090808090657589,-13.363055267949052,-19.652785535744123,-19.660791630138,5.492459412887978,36.91934609220373,-0.7987517727067903,36.92228898608902,11.809810129855622,-25.93353150697176,24.50502986635422,5.531647948267314,-25.953628153712312,-0.7872752500554792,-19.658501042273333,-0.785795984994496,-0.7910062456389158,-7.062722785518699,5.546770292131842,-0.7821460185784651,36.956650535181915
17.36,0.8688688688688688,-19.647333484002097,-7.090697656360947,-13.363055573558151,-19.65276283172343,-19.660728904011414,5.492640080510187,36.91961616211361,-0.7985860589415777,36.92234723300427,11.809714607097654,-25.933399454845887,24.50423697207797,5.531508422081346,-25.953357291146805,-0.787360648728951,-19.658395430233668,-0.7857504259017513,-0.7909817318464908,-7.062765609482913,5.546513940892317,-0.7821112290638484,36.95661532053999
17.38,0.8698698698698699,-19.647368740919344,-7.090588236543027,-13.363055380512819,-19.65274001936154,-19.66066640457475,5.492818478788531,36.91988260403737,-0.7984223118027773,36.922404846866634,11.80962007506986,-25.93326877607767,24.50345117478505,5.531370247891318,-25.95308952502377,-0.7874442121193634,-19.65829057775296,-0.7857052777966101,-0.7909570554588342,-7.062807906367819,5.546260051257132,-0.7820768920724179,36.95658024615723
17.400000000000002,0.8708708708708709,-19.647403348278928,-7.09047982143078,-13.36305469902082,-19.65271710249108,-19.660604133196767,5.49299463595033,36.92014546094414,-0.7982605080561875,36.922461832933664,11.80952652159371,-25.93313945655533,24.502672416196308,5.531233411408592,-25.952824819387967,-0.7875259649253211,-19.658186480870945,-0.7856605381233657,-0.7909322218278947,-7.062849682496875,5.54600860023085,-0.7820430024946204,36.9565453083687
17.42,0.8718718718718719,-19.64743731394943,-7.090372401331249,-13.363053539119864,-19.65269408486525,-19.660542091175326,5.4931685798525045,36.920404775345524,-0.7981006247363882,36.922518196430424,11.809433934649833,-25.933011482291125,24.501900638352218,5.531097898503556,-25.952563138678205,-0.7876059316089761,-19.658083135600666,-0.7856162043155207,-0.7909072362228072,-7.062890944109861,5.545759565008043,-0.7820095552641287,36.95651050359611
17.44,0.8728728728728729,-19.647470645705198,-7.090265966631096,-13.363051910680104,-19.65267097015918,-19.660480279738913,5.493340337986999,36.92066058929961,-0.7979426391435855,36.922573942549676,11.809342302375875,-25.93288483942069,24.50113578361376,5.530963695203673,-25.95230444772337,-0.7876841363971548,-19.657980537929813,-0.7855722737965234,-0.79088210383084,-7.062931697364112,5.545512922971991,-0.7819765453577483,36.956475828346164
17.46,0.8738738738738738,-19.647503351227513,-7.090160507796128,-13.363049823406605,-19.652647761971277,-19.660418700048112,5.493509937486111,36.920912944415015,-0.7977865288404962,36.92262907645204,11.809251613064388,-25.932759514202413,24.50037779466323,5.530830787691566,-25.952048711738477,-0.7877606032824979,-19.65787868382199,-0.7855287439804858,-0.7908568297583312,-7.062971948335736,5.545268651693391,-0.7819439677953174,36.95644127920906
17.48,0.8748748748748749,-19.64753543810571,-7.090056015370826,-13.363047286841788,-19.65262446382453,-19.660357353197057,5.49367740512774,36.92116188185491,-0.7976322716492699,36.922683603266115,11.809161855160749,-25.932635493016754,24.499626614505033,5.530699162303119,-25.95179589632075,-0.787835356024611,-19.657777569217995,-0.7854856122728875,-0.7908314190316172,-7.0630117030208055,5.545026728929071,-0.7819118176396004,36.95640685285688
17.5,0.8758758758758759,-19.6475669138383,-7.089952479977873,-13.363044310367831,-19.65260107916781,-19.660296240214873,5.493842767340544,36.92140744234099,-0.7974798456484509,36.92273752808866,11.809073017261097,-25.932512762365587,24.498882186466375,5.5305688055256095,-25.951545967445757,-0.7879084181512278,-19.65767719003703,-0.7854428760712632,-0.7908058765979544,-7.063050967336536,5.54478713262071,-0.7818800899961751,36.9563725460421
17.52,0.8768768768768769,-19.64759778583409,-7.089849892317686,-13.36304090320906,-19.65257761137714,-19.66023536206708,5.494006050209023,36.92164966615749,-0.7973292291699767,36.92279085598471,11.808985088110305,-25.932391308871537,24.49814445419792,5.530439703995868,-25.951298891463566,-0.7879798129593845,-19.657577542177936,-0.7854005327658747,-0.7907802073264301,-7.063089747122445,5.544549840893568,-0.7818487800133138,36.95633835559605
17.54,0.8778778778778779,-19.647628061413265,-7.089748243167947,-13.363037074434283,-19.65255406375697,-19.660174719657,5.494167279478515,36.921888593155074,-0.797180400796214,36.92284359198772,11.808898056599972,-25.932271119277292,24.497413361674408,5.5303118444984545,-25.95105463509494,-0.7880495635166039,-19.657478621520347,-0.7853585797403692,-0.7907544160088671,-7.0631280481414915,5.544314832055218,-0.7818178828818582,36.95630427842751
17.56,0.8788788788788788,-19.64765774780848,-7.089647523383145,-13.363032832959119,-19.652530439541405,-19.66011431382711,5.494326480560108,36.922124262754785,-0.7970333393570315,36.922895741099744,11.808811911766455,-25.93215218044493,24.4966888531952,5.530185213963866,-25.950813165427576,-0.7881176926620914,-19.657380423925858,-0.7853170143724201,-0.7907285073607195,-7.063165876081198,5.544082084594287,-0.7817873938350887,36.956270311521145
17.580000000000002,0.8798798798798799,-19.64768685216593,-7.0895477238941,-13.363028187548279,-19.652506741895436,-19.66005414536039,5.494483678535484,36.92235671395197,-0.7968880239269092,36.922947308291526,11.808726642788903,-25.932034479355227,24.495970873384778,5.530059799466764,-25.950574449912356,-0.78818422300794,-19.657282945239153,-0.7852758340343563,-0.7907024860219601,-7.063203236554758,5.543851577179206,-0.7817573081485883,36.956236451936164
17.6,0.8808808808808809,-19.647715381546398,-7.089448835707509,-13.363023146817834,-19.652482973916143,-19.659994214981666,5.494638898161672,36.92258598532013,-0.7967444338220834,36.92299829850267,11.808642238987344,-25.931918003106958,24.495259367193203,5.529935588224232,-25.950338456359656,-0.7882491769403455,-19.657186181289102,-0.7852350360937749,-0.7906763565579602,-7.063240135102119,5.543623288656962,-0.7817276211401013,36.956202696804844
17.62,0.8818818818818819,-19.647743342926322,-7.089350849905483,-13.363017719237439,-19.65245913863388,-19.659934523358892,5.494792163875738,36.92281211501481,-0.7966025485977267,36.92304871664176,11.808558689820776,-25.931802738916215,24.494554279896512,5.529812567594044,-25.950105152935677,-0.7883125766208307,-19.657090127889845,-0.7851946179141406,-0.790650123460361,-7.0632765771910595,5.543397198051857,-0.7816983281693859,36.95616904333118
17.64,0.8828828828828829,-19.647770743198805,-7.089253757645084,-13.363011913132533,-19.652435239013457,-19.65987507110446,5.494943499799387,36.92303514077739,-0.7964623480451635,36.923098567586486,11.808475984885295,-25.931688674115687,24.49385555709707,5.529690725072974,-25.949874508158814,-0.7883744439874792,-19.65699478084185,-0.7851545768553709,-0.7906237911479375,-7.0633125682182385,5.543173284564282,-0.7816694246380631,36.95613548878948
17.66,0.8838838838838838,-19.647797589174644,-7.089157550157869,-13.363005736686521,-19.652411277955277,-19.659815858776444,5.4950929297435,36.92325509993894,-0.7963238121891189,36.923147856183796,11.808394113912241,-25.931575796153968,24.49316314472388,5.529570048295107,-25.949646490896047,-0.7884348007561776,-19.656900135932936,-0.7851149102744088,-0.7905973639674541,-7.063348113510235,5.542951527569481,-0.7816409059894598,36.956102030523034
17.68,0.8848848848848849,-19.647823887583346,-7.089062218749433,-13.362999197942909,-19.652387258296496,-19.659756886879855,5.495240477212594,36.92347202942402,-0.7961869212850028,36.92319658725001,11.808313066766377,-25.931464092594837,24.49247698903284,5.529450525030196,-25.949421070359392,-0.7884936684218651,-19.656806188939296,-0.78507561552578,-0.7905708461945129,-7.06338321832457,5.54273190661634,-0.7816127677084475,36.95606866594279
17.7,0.8858858858858859,-19.647849645074118,-7.088967754798953,-13.362992304807424,-19.65236318281212,-19.659698155867865,5.495386165409213,36.92368596575439,-0.7960516558162267,36.92324476557096,11.808232833444086,-25.93135355111655,24.49179703660696,5.52933214318202,-25.949198216102353,-0.7885510682597929,-19.656712935626466,-0.7850366899621387,-0.7905442420343941,-7.0634178878507115,5.5425144014261685,-0.7815850053212765,36.95603539252602
17.72,0.8868868868868869,-19.647874868216853,-7.088874149758734,-13.362985065050108,-19.652339054216124,-19.659639666143008,5.495530017238246,36.92389694505281,-0.7959179964915537,36.92329239590211,11.808153404071586,-25.931244159511127,24.491123234356518,5.529214890786776,-25.948977898016423,-0.7886070213267896,-19.6566203717503,-0.7849981309348002,-0.7905175556228878,-7.063452127211064,5.542298991891494,-0.7815576143954064,36.95600220781506
17.740000000000002,0.8878878878878879,-19.6478995635031,-7.088781395153755,-13.36297748630737,-19.652314875162535,-19.659581418058366,5.495672055311175,36.924105003046755,-0.7957859242424814,36.923339482968665,11.808074768903186,-25.931135905683615,24.490455529519195,5.529098756011492,-25.948760086327628,-0.788661548462535,-19.656528493057902,-0.7849599357942595,-0.7904907910271197,-7.063485941461944,5.542085658074861,-0.7815305905393312,36.95596910941603
17.76,0.8888888888888888,-19.64792373734703,-7.088689482581218,-13.362969576084028,-19.652290648246503,-19.659523411918737,5.49581230195026,36.92431017507208,-0.7956554202206566,36.92338603146573,11.80799691831955,-25.93102877765138,24.48979386966015,5.528983727152453,-25.948544751593076,-0.7887146702908401,-19.65643729528855,-0.7849221018906987,-0.7904639522463682,-7.06351933559454,5.541874380207639,-0.7815039294024013,36.95593609499758
17.78,0.8898898898898899,-19.647947396086384,-7.0885984037101,-13.362961341755314,-19.652266376005358,-19.65946564798178,5.495950779192653,36.92451249607672,-0.7955264657953222,36.923432046058416,11.807919842825987,-25.93092276354338,24.48913820267206,5.528869792633661,-25.948331864697558,-0.7887664072209346,-19.656346774174608,-0.7848846265744813,-0.790437043212874,-7.063552314535856,5.541665138688829,-0.7814776266746416,36.95590316228968
17.8,0.8908908908908909,-19.647970545983416,-7.0885081502807,-13.362952790568853,-19.65224206091965,-19.65940812645914,5.496087508794445,36.92471200062436,-0.7953990425507951,36.92347753138194,11.807843533050775,-25.930817851599418,24.4884884767751,5.5287569410053035,-25.948121396850183,-0.7888167794487602,-19.656256925442374,-0.7848475071966352,-0.7904100677926424,-7.063584883149639,5.541457914083891,-0.7814516780865655,36.95587030908238
17.82,0.8918918918918919,-19.647993193225815,-7.088418714104193,-13.362943929646619,-19.652217705414174,-19.65935084751757,5.4962225122346515,36.92490872289802,-0.7952731322839754,36.92352249204177,11.80776797974349,-25.930714030169444,24.487844640516922,5.52864516094225,-25.947913319581026,-0.78886580695827,-19.656167744812965,-0.7848107411093221,-0.790383029786239,-7.0636170462373,5.541252687123558,-0.7814260794089852,36.95583753322465
17.84,0.8928928928928929,-19.648015343927625,-7.0883300870621895,-13.362934765986859,-19.652193311858973,-19.659293811279994,5.496355810719133,36.92510269670369,-0.795148717001886,36.92356693261374,11.807693173773373,-25.930611287712793,24.48720664277255,5.528534441242565,-25.947707604737825,-0.7889135095227343,-19.65607922800314,-0.7847743256662977,-0.7903559329295762,-7.06364880853881,5.541049438702676,-0.7814008264528196,36.95580483262321
17.86,0.8938938938938938,-19.64803700413015,-7.08824226110628,-13.362925306466002,-19.652168882570344,-19.659237017826612,5.496487425184453,36.92529395547391,-0.7950257789192421,36.923610857644164,11.807619106127708,-25.930509612797458,24.486574432744252,5.528424770826043,-25.947504224482696,-0.788959906706051,-19.655991370726124,-0.7847382582233576,-0.7903287808946943,-7.063680174733588,5.540848149879036,-0.7813759150688975,36.95577220524133
17.88,0.8948948948948949,-19.648058179802838,-7.0881552282576,-13.362915557840527,-19.6521444198118,-19.659180467195934,5.496617376301673,36.925482532271324,-0.7949043004560505,36.92365427164995,11.807545767910229,-25.930408994099366,24.485947959961386,5.528316138732764,-25.947303151288892,-0.7890050178640614,-19.6559041686924,-0.7847025361387748,-0.7903015772905339,-7.063711149441377,5.54064880187222,-0.7813513411477584,36.955739649097765
17.900000000000002,0.8958958958958959,-19.648078876844185,-7.088068980606385,-13.362905526748822,-19.652119925795056,-19.659124159385822,5.496745684480088,36.925668459792206,-0.7947842642352393,36.92369717911871,11.807473150339545,-25.930309420401624,24.485327174280194,5.528208534121663,-25.947104357937583,-0.7890488621458718,-19.655817617610488,-0.7846671567737231,-0.7902743256637019,-7.0637417372231,5.54045137606245,-0.7813271006194507,36.95570716226559
17.92,0.8968968968968969,-19.648099101082593,-7.08798351031153,-13.362895219713005,-19.652095402680953,-19.65906809435451,5.496872369870904,36.925851770369974,-0.7946656530803143,36.923739584508894,11.807401244747588,-25.930210880593787,24.484712025883553,5.528101946269123,-25.946907817514656,-0.7890914584951784,-19.65573171318772,-0.7846321174926919,-0.7902470294992305,-7.063771942581709,5.540255853989441,-0.7813031894533258,36.95567474287112
17.94,0.8978978978978979,-19.648118858277236,-7.0878988096001505,-13.362884643140726,-19.65207085258041,-19.659012272021602,5.496997452370855,36.92603249597869,-0.7945484500130466,36.92378149224989,11.80733004257808,-25.930113363671122,24.484102465280703,5.52799636456759,-25.94671350340758,-0.7891328256515971,-19.655646451130963,-0.7845974156638891,-0.7902196922213284,-7.063801769963018,5.540062217351268,-0.7812796036578307,36.955642389092816
17.96,0.8988988988988988,-19.648138154118907,-7.087814870767141,-13.362873803326943,-19.652046277555346,-19.658956692269065,5.497120951625761,36.9262106682365,-0.7944326382511864,36.92382290674211,11.807259535385024,-25.930016858733858,24.483498443306935,5.527891778524198,-25.94652138930225,-0.7891729821519982,-19.655561827147356,-0.7845630486596341,-0.7901923171941247,-7.0638312237565195,5.539870448003231,-0.7812563392802969,36.95561009916025
17.98,0.8998998998998999,-19.64815699423087,-7.087731686174742,-13.362862706455676,-19.652021679619576,-19.658901354942188,5.497242887034034,36.9263863184091,-0.7943182012062054,36.92386383235717,11.807189714831212,-25.929921354986455,24.482899911123244,5.52778817775942,-25.946331449179915,-0.7892119463318428,-19.655477836945014,-0.7845290138567397,-0.7901649077224079,-7.063860308296198,5.539680527956727,-0.7812333924067275,36.955577871353036
18.0,0.9009009009009009,-19.648175384169683,-7.087649248252102,-13.362851358601734,-19.65199706073971,-19.658846259850534,5.497363277750124,36.92655947741312,-0.7942051224810674,36.92390427343793,11.807120572686756,-25.929826841736855,24.48230682021594,5.527685552005731,-25.94614365731409,-0.789249736326525,-19.655394476233713,-0.7844953086368849,-0.7901374670523551,-7.063889027861322,5.539492439378137,-0.7812107591615816,36.9555457039998
18.02,0.9019019019019019,-19.648193329426018,-7.087567549494847,-13.362839765732419,-19.651972422836028,-19.65879140676888,5.497482142687913,36.92673017581955,-0.7940933858680242,36.92394423429863,11.807052100827637,-25.929733308395736,24.481719122396225,5.5275838911062944,-25.945957988267512,-0.7892863700727157,-19.65531174072557,-0.7844619303869763,-0.7901099983722564,-7.063917386677223,5.539306164587704,-0.781188435707556,36.95551359547719
18.04,0.9029029029029029,-19.648210835425484,-7.087486582464641,-13.362827933709205,-19.651947767783355,-19.658736795438134,5.497599500524052,36.92689844385707,-0.7939829753464399,36.92398371922503,11.806984291234274,-25.929640744475783,24.481136769799765,5.527483185013663,-25.94577441688915,-0.7893218653097109,-19.65522962613569,-0.7844288764995007,-0.7900825048132313,-7.063945388916072,5.539121686058433,-0.7811664182453657,36.95548154420886
18.06,0.9039039039039038,-19.64822790752941,-7.08740633978876,-13.362815868289402,-19.651923097411895,-19.658682425566223,5.497715369701249,36.92706431141543,-0.7938738750806408,36.92402273247446,11.806917135990117,-25.929549139590936,24.480559714886187,5.527383423788495,-25.945592918311203,-0.7893562395807808,-19.655148128182812,-0.7843961443728675,-0.7900549894499391,-7.063973038697636,5.5389389864149825,-0.7811447030135213,36.95544954866449
18.080000000000002,0.9049049049049049,-19.64824455103565,-7.087326814159661,-13.362803575127781,-19.651898413508093,-19.658628296829,5.497829768431502,36.927227808048734,-0.7937660694177917,36.92406127827598,11.80685062728025,-25.929458483455644,24.479987910438574,5.527284597598293,-25.94541346794614,-0.7893895102345231,-19.655067242589933,-0.7843637314117425,-0.790027455301282,-7.064000340090022,5.538758048432573,-0.7811232862881051,36.95541760735885
18.1,0.9059059059059059,-19.648260771179356,-7.087247998334546,-13.362791059778191,-19.651873717815434,-19.658574408871107,5.497942714699285,36.92738896297877,-0.7936595428857978,36.924099360830446,11.806784757390023,-25.92936876588413,24.479421309562913,5.527186696716154,-25.945236041483785,-0.7894216944262179,-19.65498696508491,-0.7843316350273716,-0.7899999053311018,-7.064027297110416,5.538578855035896,-0.7811021643825447,36.95538571885082
18.12,0.9069069069069069,-19.64827657313376,-7.087169885134946,-13.36277832769515,-19.65184901203528,-19.65852076130682,5.498054226264675,36.92754780509824,-0.7935542801912313,36.92413698431065,11.806719518703696,-25.929279976789655,24.478859865687525,5.527089711519538,-25.945060614888412,-0.7894528091191846,-19.654907291401056,-0.7842998526378947,-0.7899723424488692,-7.064053913725802,5.53840138929803,-0.7810813336473853,36.9553538817425
18.14,0.9079079079079079,-19.64829196201093,-7.0870924674462845,-13.362765384235407,-19.651824297827662,-19.6584673537209,5.498164320666442,36.92770436297406,-0.7934502662172843,36.924174152861404,11.806654903703105,-25.92919210618376,24.478303532562464,5.526993632489056,-25.944887164395873,-0.7894828710861403,-19.65482821727772,-0.7842683816686526,-0.7899447695103682,-7.064080193853682,5.538225634439362,-0.7810607904700605,36.95532209467823
18.16,0.9089089089089089,-19.64830694286252,-7.087015738217457,-13.362752234659494,-19.651799576812053,-19.658414185669415,5.498273015225077,36.92785866485055,-0.7933474860217451,36.92421087059966,11.806590904966345,-25.92910514417554,24.47775226425887,5.526898450207269,-25.94471566651075,-0.7895118969105608,-19.654749738460847,-0.7842372195524835,-0.7899171893183723,-7.064106141362769,5.538051573826519,-0.7810405312746609,36.955290356343774
18.18,0.9099099099099099,-19.64832152068051,-7.086939690460405,-13.362738884133238,-19.651774850568163,-19.658361256680543,5.498380327045787,36.92801073865262,-0.7932459248350001,36.9242471416146,11.806527515166472,-25.929019080970907,24.477206015168317,5.526804155357507,-25.94454609800354,-0.7895399029880411,-19.65467185070351,-0.7842063637300113,-0.7898896046233148,-7.064131760073684,5.537879190971296,-0.7810205525217014,36.95525866546537
18.2,0.9109109109109109,-19.648335700397965,-7.086864317249697,-13.362725337729273,-19.65175012063669,-19.65830856625538,5.498486273021427,36.92816061198898,-0.7931455680580587,36.92428296996776,11.80646472707022,-25.928933906871833,24.47666474000211,5.526710738722698,-25.944378435907858,-0.7895669055276588,-19.654594549766475,-0.7841758116499251,-0.789862018123953,-7.064157053759631,5.537708469529599,-0.7810008507078877,36.955227020808884
18.22,0.9119119119119119,-19.648349486889728,-7.086789611722101,-13.362711600428517,-19.651725388520077,-19.65825611386871,5.4985908698353985,36.92830831215528,-0.7930464012606022,36.924318359693125,11.806402533536739,-25.92884961227563,24.476128393790585,5.526618191184221,-25.944212657517685,-0.7895929205533376,-19.65451783141869,-0.7841455607692516,-0.7898344324680248,-7.064182026147072,5.537539393300391,-0.7809814223658805,36.955195421178956
18.240000000000002,0.9129129129129129,-19.648362884973157,-7.086715567076172,-13.362697677121627,-19.651700655683243,-19.658203898969774,5.4986941339644995,36.92845386613723,-0.7929484101790569,36.924353314797216,11.80634092751635,-25.92876618767421,24.475596931882347,5.52652650372077,-25.944048740384613,-0.7896179639052108,-19.654441691437807,-0.7841156085536168,-0.7898068502529005,-7.06420668091638,5.537371946224644,-0.7809622640640592,36.95516386541816
18.26,0.9139139139139139,-19.648375899408823,-7.086642176571827,-13.362683572610447,-19.65167592355432,-19.65815192098302,5.498796081681723,36.928597300613724,-0.7928515807146891,36.924387839259225,11.806279902049319,-25.92868362365335,24.475070309943504,5.526435667407223,-25.94388666231514,-0.7896420512409864,-19.654366125610668,-0.784085952477503,-0.7897792740262276,-7.064231021702492,5.5372061123842915,-0.7809433724062841,36.95513235240616
18.28,0.914914914914915,-19.648388534901216,-7.086569433529933,-13.362669291609416,-19.65165119352535,-19.65810017930885,5.498896729059023,36.92873864195988,-0.7927558989317237,36.92442193703109,11.806219450264637,-25.928601910891956,24.47454848395688,5.526345673413549,-25.943726401367993,-0.7896651980373118,-19.654291129733778,-0.7840565900244951,-0.7897517062865688,-7.064255052095547,5.537041876001196,-0.7809247440316577,36.95510088105894
18.3,0.9159159159159159,-19.64840079609943,-7.086497331331886,-13.362654838746973,-19.651626466953015,-19.658048673324327,5.498996091970028,36.92887791625015,-0.7926613510554854,36.924455612037626,11.806159565378833,-25.928521040161332,24.474031410221176,5.526256513003705,-25.943567935851448,-0.7896874195911385,-19.654216699613784,-0.7840275186875207,-0.7897241494840346,-7.064278775641513,5.536879221436117,-0.7809063756142852,36.95506945032795
18.32,0.9169169169169169,-19.648412687597848,-7.086425863419201,-13.362640218566932,-19.651601745159308,-19.657997402383906,5.499094186092717,36.92901514926131,-0.7925679234705612,36.924488868176596,11.806100240694791,-25.92844100232446,24.473519045350145,5.526168177534564,-25.94341124432071,-0.7897087310210867,-19.654142831067915,-0.7839987359690818,-0.7896966060209092,-7.064302195842808,5.5367181331876845,-0.7808882638630337,36.95503805919937
18.34,0.9179179179179179,-19.648424213936806,-7.086355023293096,-13.36262543552984,-19.651577029432218,-19.65794636582012,5.499191026912051,36.9291503664755,-0.792475602718986,36.92452170931884,11.806041469600594,-25.92836178833525,24.473011346271708,5.526080658454847,-25.9432563055753,-0.7897291472688097,-19.654069519924427,-0.7839702393814794,-0.7896690782522708,-7.064325316158912,5.536558595891376,-0.7808704055212906,36.95500670669331
18.36,0.9189189189189189,-19.648435379603274,-7.08628480451408,-13.362610494014314,-19.651552321026408,-19.65789556294426,5.499286629722569,36.92928359308318,-0.7923843754984489,36.92455413930837,11.805983245568369,-25.928283389237837,24.47250827022707,5.525993947304078,-25.943103098656465,-0.7897486831003571,-19.65399676202303,-0.783942026447031,-0.7896415684866052,-7.064348140006959,5.536400594318508,-0.7808527973667218,36.95497539186307
18.38,0.91991991991992,-19.648446189031493,-7.086215200701545,-13.362595398318366,-19.651527621163865,-19.657844993047064,5.499381009630936,36.92941485398613,-0.7922942286605216,36.92458616196246,11.805925562153162,-25.928205796165848,24.472009774769802,5.525908035711541,-25.942951602844623,-0.789767353107538,-19.6539245532153,-0.7839140946982808,-0.7896140789864133,-7.0643706707623375,5.536244113375224,-0.7808354362110281,36.95494411379439
18.400000000000002,0.9209209209209209,-19.648456646603634,-7.086146205533353,-13.362580152660696,-19.65150293103455,-19.657794655399353,5.499474181558457,36.92954417380036,-0.7922051492089072,36.92461778107177,11.805868412991824,-25.928129000341677,24.4715158177649,5.525822915395265,-25.94280179765682,-0.789785171709283,-19.653852889365087,-0.7838864416782021,-0.7895866119688141,-7.064392911759267,5.536089138101492,-0.7808183188997028,36.954912871604705
18.42,0.9219219219219219,-19.64846675665044,-7.0860778127454305,-13.362564761181977,-19.65147825179704,-19.657744549252698,5.499566160243553,36.92967157685903,-0.7921171242977098,36.924649000400414,11.805811791801911,-25.928052993075767,24.47102635738784,5.52573857816101,-25.942653662844236,-0.7898021531530045,-19.6537817663489,-0.7838590649403945,-0.7895591696061391,-7.064414866291371,5.535935653670106,-0.7808014423117865,36.95488166444245
18.44,0.9229229229229229,-19.648476523451848,-7.086010016131363,-13.362549227946117,-19.65145358457916,-19.657694673840034,5.4996569602441925,36.92979708721535,-0.7920301412297257,36.92467982368611,11.8057556923806,-25.927977765765892,24.470541352123583,5.525655015901273,-25.94250717838968,-0.7898183115159567,-19.653711180056295,-0.783831962049272,-0.7895317540265236,-7.064436537612244,5.535783645385698,-0.7807848033596234,36.95485049148635
18.46,0.9239239239239239,-19.64848595123762,-7.0859428095419865,-13.362533556941502,-19.651428930478573,-19.657645028376297,5.499746595940291,36.92992072864544,-0.7919441874547535,36.924710254640246,11.805700108603618,-25.927903309896443,24.47006076076559,5.525572220594302,-25.942362324505137,-0.789833660706593,-19.65364112639024,-0.7838051305802467,-0.7895043673144897,-7.064457928936004,5.535633098683748,-0.780768398988616,36.95481935194469
18.48,0.924924924924925,-19.64849504418796,-7.085876186884988,-13.362517752082224,-19.651404290563427,-19.657595612059026,5.499835081536072,36.93004252465119,-0.7918592505679247,36.92474029694799,11.805645034424192,-25.92782961703772,24.469584542414797,5.52549018430313,-25.942219081629325,-0.7898482144659225,-19.65357160126748,-0.7837785681199047,-0.7894770115115256,-7.064479043437839,5.535483999129605,-0.7807522261769799,36.9547882450547
18.5,0.9259259259259259,-19.648503806434118,-7.085810142124499,-13.362501817209292,-19.65137966587292,-19.65754642406896,5.499922431062393,36.93016249846307,-0.7917753183080545,36.92476995426838,11.805590463872006,-25.927756678845206,24.469112656478572,5.525408899174611,-25.94207743042529,-0.7898619863688642,-19.653502600618864,-0.7837522722661764,-0.7894496886166574,-7.064499884254547,5.535336332417511,-0.7807362819354983,36.954757170081834
18.52,0.9269269269269269,-19.64851224205899,-7.085744669280698,-13.362485756091813,-19.651355057417895,-19.657497463570625,5.500008658379032,36.93028067304292,-0.7916923785560113,36.924799230234456,11.805536391052181,-25.92768448705888,24.468645062669662,5.525328357438481,-25.941937351777995,-0.7898749898255997,-19.65343412038971,-0.7837262406284988,-0.7894224005870165,-7.0645204544850655,5.535190084369635,-0.7807205633072758,36.95472612631912
18.54,0.9279279279279279,-19.64852035509772,-7.085679762429407,-13.362469572428171,-19.65133046618142,-19.657448729712907,5.500093777176946,36.930397071086766,-0.7916104193331058,36.92482812845334,11.805482810144259,-25.927613033502492,24.46818172100512,5.5252485514064205,-25.94179882679197,-0.789887238082923,-19.653366156540105,-0.7837004708279746,-0.7893951493384,-7.064540757190995,5.535045240935102,-0.7807050673674931,36.95469511308655
18.56,0.9289289289289289,-19.64852814953827,-7.085615415701698,-13.36245326984719,-19.651305893119357,-19.657400221629615,5.500177800980484,36.93051171502752,-0.7915294287994992,36.924856652506335,11.805429715401209,-25.92754231008288,24.46772259180521,5.525169473471135,-25.941661836788956,-0.7898987442255889,-19.653298705045238,-0.7836749604975222,-0.7893679367458271,-7.06456079539711,5.5349017881890425,-0.7806897912231606,36.954664129730396
18.580000000000002,0.92992992992993,-19.648535629322005,-7.085551623283494,-13.362436851909257,-19.651281339160917,-19.657351938440033,5.500260743149578,36.93062462703776,-0.7914493952526297,36.92488480594904,11.80537710114844,-25.92747230878926,24.467267635692284,5.525091116105446,-25.941526363305588,-0.7899095211776577,-19.6532317618957,-0.7836497072820219,-0.789340764644088,-7.064580572091866,5.534759712331634,-0.780674732012872,36.954633175622625
18.6,0.9309309309309309,-19.648542798344277,-7.085488379415173,-13.362420322107454,-19.6512568052092,-19.65730387924946,5.5003426168818965,36.93073582903239,-0.791370307125658,36.92491259231144,11.805324961782846,-25.92740302169252,24.46681681358968,5.52501347186139,-25.941392388091092,-0.7899195817038384,-19.653165323097777,-0.7836247088384558,-0.789313634828289,-7.064600090227897,5.534618999687154,-0.7806598869065585,36.95460225016027
18.62,0.9319319319319319,-19.648549660454965,-7.085425678391175,-13.362403683868664,-19.651232292141753,-19.657256043149737,5.50042343521496,36.93084534267137,-0.7912921529859308,36.924940015098024,11.80527329177183,-25.927334440944545,24.466370086720552,5.524936533369338,-25.94125989310501,-0.7899289384108283,-19.653099384673745,-0.7835999628360415,-0.7892865490543908,-7.0646193527225085,5.534479636703043,-0.7806452531052427,36.954571352764845
18.64,0.9329329329329329,-19.64855621945905,-7.085363514559609,-13.362386940554655,-19.65120780081108,-19.657208429219764,5.500503211028231,36.93095318936234,-0.7912149215334618,36.92496707778785,11.805222085652375,-25.927266558777518,24.465927416606725,5.524860293337116,-25.941128860514937,-0.7899376037486504,-19.653033942662137,-0.7835754669563604,-0.7892595090397422,-7.064638362458159,5.534341609948959,-0.7806308278407923,36.95454048288173
18.66,0.933933933933934,-19.648562479117157,-7.085301882321862,-13.362370095463156,-19.651183332045168,-19.657161036526016,5.50058195704517,36.9310593902633,-0.7911386015994316,36.924993783834694,11.805171338030114,-25.927199367503228,24.465488765067516,5.524784744549142,-25.940999272694295,-0.7899455900119868,-19.65296899311802,-0.7835512188934817,-0.7892325164636076,-7.064657122282935,5.534204906115855,-0.7806166083756745,36.95450963997964
18.68,0.934934934934935,-19.648568443146093,-7.085240776132211,-13.362353151828911,-19.65115888664801,-19.657113864123033,5.50065968583526,36.93116396628519,-0.791063182144704,36.92502013666713,11.80512104357841,-25.927132859512394,24.465054094218544,5.5247098798655765,-25.940871112220126,-0.7899529093415096,-19.652904532113244,-0.7835272163540786,-0.7892055729676898,-7.064675635011021,5.534069512015045,-0.7806025920027102,36.95447882354999
18.7,0.9359359359359359,-19.648574115219393,-7.085180190497432,-13.362336112824723,-19.651134465400094,-19.657066911053906,5.500736409816005,36.9312669380945,-0.79098865225836,36.925046139688625,11.805071197037455,-25.927067027273978,24.46462336647052,5.5246356922214765,-25.94074436187089,-0.7899595737252083,-19.652840555736702,-0.7835034570575424,-0.7891786801566469,-7.064693903423158,5.533935414577291,-0.7805887760448288,36.95444803310641
18.72,0.9369369369369369,-19.64857949896784,-7.085120119976416,-13.362318981562476,-19.651110069058905,-19.657020176350763,5.5008121412548885,36.93136832611585,-0.7909150011562497,36.92507179627765,11.805021793213378,-25.927001863334507,24.464196544528033,5.524562174625968,-25.94061900462431,-0.7899655949997133,-19.652777060094564,-0.7834799387360887,-0.7891518395986044,-7.0647119302671,5.533802600851883,-0.7805751578548228,36.95441726818414
18.740000000000002,0.9379379379379379,-19.64858459797999,-7.085060559179783,-13.362301761094146,-19.65108569835941,-19.656973659035227,5.500886892271312,36.93146815053453,-0.7908422181795594,36.92509710978777,11.804972826977366,-25.9269373603174,24.463773591388314,5.5244893201614245,-25.94049502365521,-0.7899709848516162,-19.652714041310514,-0.7834566591348601,-0.7891250528256613,-7.06472971825806,5.533671058005727,-0.780561734815103,36.95438652833952
18.76,0.938938938938939,-19.648589415802686,-7.085001502769496,-13.3622844544128,-19.651061354014534,-19.65692735811888,5.5009606748385025,36.93156643129902,-0.790770292793397,36.925122083547784,11.804924293264802,-25.92687351092229,24.463354470339997,5.524417121982655,-25.9403724023334,-0.7899757548187861,-19.65265149552597,-0.7834336160120242,-0.7890983213343923,-7.064747270079152,5.533540773322449,-0.7805485043374545,36.954355813149476
18.78,0.93993993993994,-19.648593955941568,-7.084942945458484,-13.362267064453569,-19.651037036715625,-19.65688127260371,5.501033500785388,36.93166318812353,-0.7906992145853928,36.925146720861775,11.804876187074406,-25.926810307924377,24.462939144961855,5.524345573316105,-25.940251124221568,-0.7899799162916824,-19.6525894189003,-0.7834108071388657,-0.7890716465863428,-7.06476458838182,5.5334117342014855,-0.7805354638627918,36.954325122210975
18.8,0.9409409409409409,-19.648598221861572,-7.084884882010255,-13.362249594094619,-19.651012747132928,-19.656835401482535,5.501105381798448,36.93175844049045,-0.7906289732643171,36.925171025009256,11.804828503467393,-25.926747744173735,24.46252757912152,5.52427466745907,-25.9401311730732,-0.7899834805146628,-19.65252780761103,-0.7833882302998745,-0.7890450300085208,-7.064781675786272,5.5332839281571955,-0.780522610860916,36.95429445514054
18.82,0.9419419419419419,-19.648602216987438,-7.0848273072385215,-13.362232046158098,-19.650988485916024,-19.656789743739456,5.501176329423536,36.931852207652824,-0.7905595586587132,36.92519499924524,11.804781237566647,-25.926685812594666,24.462119736974216,5.524204397778912,-25.94001253283051,-0.7899864585872881,-19.652466657854056,-0.7833658832928283,-0.7890184729938826,-7.064798534881895,5.5331573428179714,-0.7805099428302716,36.95426381157373
18.84,0.9429429429429429,-19.64860594470418,-7.084770216006821,-13.362214423411073,-19.65096425369428,-19.656744298350254,5.501246355067674,36.931944508636796,-0.7904909607155468,36.925218646800374,11.8047343845559,-25.92662450618504,24.461715582961453,5.52413475771229,-25.9398951876224,-0.789988861465622,-19.652405965843815,-0.783343763928873,-0.7889919769018134,-7.06481516822767,5.533031965925353,-0.7804974572977037,36.95423319116468
18.86,0.943943943943944,-19.648609408357583,-7.084713603228139,-13.362196728566452,-19.65094005107729,-19.656699064282822,5.501315470000824,36.93203536224403,-0.7904231694988709,36.92524197088101,11.804687939678919,-25.92656381801564,24.461315081809726,5.524065740764401,-25.939779121762434,-0.7899906999635269,-19.652345727813483,-0.7833218700325955,-0.7889655430586032,-7.064831578352581,5.53290778533315,-0.7804851518182161,36.954202593585606
18.88,0.944944944944945,-19.648612611254677,-7.084657463864536,-13.362178964283894,-19.650915878655294,-19.656654040497546,5.501383685357627,36.93212478705409,-0.7903561751885059,36.92526497466934,11.804641898238721,-25.926503741229514,24.460918198529193,5.523997340508227,-25.939664319746843,-0.7899919847539555,-19.652285940015148,-0.7833001994420948,-0.7889391727579176,-7.064847767756015,5.532784789006571,-0.78047302397473,36.95417201852632
18.900000000000002,0.9459459459459459,-19.648615556664208,-7.084601792926773,-13.3621611331707,-19.65089173699962,-19.656609225947708,5.501451012139122,36.93221280142686,-0.790289968078735,36.92528766132348,11.80459625559678,-25.926444269041323,24.460524898412352,5.523929550583798,-25.93955076625253,-0.7899927263702371,-19.652226598719984,-0.7832787500090471,-0.7889128672612635,-7.064863738908159,5.53266296502135,-0.7804610713778429,36.954141465693816
18.92,0.9469469469469469,-19.648618247817097,-7.084546585473941,-13.362143237782695,-19.650867626663068,-19.65656461957987,5.501517461214436,36.93229942350483,-0.7902245385770147,36.925310033977574,11.804551007172252,-25.9263853947367,24.4601351470327,5.523862364697453,-25.939438446135117,-0.7899929352073596,-19.652167700218413,-0.7832575195987682,-0.7888866277984506,-7.064879494250389,5.532542301562891,-0.7804492916655892,36.95411093481176
18.94,0.9479479479479479,-19.648620687906906,-7.084491836613088,-13.362125280625095,-19.65084354818035,-19.656520220334254,5.501583043322454,36.9323846712155,-0.7901598772027001,36.92533209574191,11.80450614844122,-25.926327111671608,24.45974891024339,5.523795776621123,-25.939327344426996,-0.7899926215232471,-19.652109240820252,-0.7832365060902706,-0.7888604555680467,-7.0648950361956535,5.532422786925405,-0.7804376825032001,36.95408042562009
18.96,0.948948948948949,-19.64862288009029,-7.084437541498855,-13.362107264153366,-19.65081950206847,-19.656476027145096,5.501647769073458,36.93246856227366,-0.7900959745857845,36.92535384970301,11.804461674935931,-25.92626941327171,24.459366154175875,5.523729780191615,-25.939217446335405,-0.7899917954400318,-19.652051216854872,-0.7832157073763174,-0.7888343517378293,-7.064910367128848,5.532304409511058,-0.7804262415828654,36.954049937874565
18.98,0.94994994994995,-19.648624827487446,-7.084383695333106,-13.362089190774054,-19.65079548882711,-19.65643203894102,5.50171164895075,36.93255111418368,-0.7900328214656543,36.92537529892374,11.80441758224406,-25.926212293031735,24.45898684523853,5.523664369309905,-25.939108737240524,-0.7899904669453217,-19.651993624671334,-0.7831951213634721,-0.7888083174452324,-7.064925489407192,5.5321871578291235,-0.7804149666234955,36.95401947134634
19.0,0.950950950950951,-19.648626533182547,-7.0843302933645615,-13.362071062845619,-19.650771508939044,-19.656388254645375,5.501774693312241,36.93263234424178,-0.7899704086898572,36.92539644644343,11.804373866007978,-25.926155744514837,24.458610950115297,5.523599537940443,-25.93900120269359,-0.7899886458934625,-19.65193646063853,-0.7831747459721449,-0.7887823537977875,-7.064940405360592,5.5320710204951435,-0.7804038553704842,36.953989025821556
19.02,0.9519519519519519,-19.648628000224182,-7.0842773308884395,-13.362052882679256,-19.65074756287048,-19.656344673176587,5.501836912392028,36.93271226953831,-0.7899087272128851,36.925417295277946,11.80433052192403,-25.926099761351985,24.458238435764287,5.523535280110466,-25.938894828415023,-0.789986342006795,-19.651879721145306,-0.7831545791366341,-0.7887564618735609,-7.064955117292005,5.531955986230086,-0.7803929055954723,36.95395860110091
19.04,0.9529529529529529,-19.64862923162579,-7.084224803246088,-13.362034652539688,-19.650723651071466,-19.656301293448497,5.501898316301941,36.93279090695993,-0.7898477680949707,36.92543784841982,11.804287545741822,-25.92604433724134,24.457869269416403,5.523471589909318,-25.938789600292587,-0.7899835648769067,-19.651823402600584,-0.7831346188051659,-0.7887306427215858,-7.0649696274777884,5.531842043859516,-0.7803821150961124,36.95392819699927
19.06,0.953953953953954,-19.648630230366077,-7.084172705824627,-13.362016374645961,-19.650699773976225,-19.656258114370676,5.501958915033071,36.93286827319187,-0.7897875225008981,36.92545810883835,11.80424493326352,-25.925989465947627,24.45750341857393,5.523408461487775,-25.938685504379553,-0.7899803239658783,-19.65176750143349,-0.7831148629399287,-0.7887048973622905,-7.064983938168057,5.531729182312769,-0.7803714816958347,36.95389781334529
19.080000000000002,0.954954954954955,-19.648630999389443,-7.084121034056587,-13.361998051172224,-19.650675932003537,-19.65621513484876,5.502018718457273,36.932944384720095,-0.7897279816988265,36.9254780794797,11.804202680343161,-25.92593514130153,24.457140851009132,5.523345889057389,-25.938582526892883,-0.7899766286075248,-19.651712014093448,-0.7830953095171055,-0.7886792267879209,-7.064998051587021,5.531617390622125,-0.7803610032436124,36.953867449981004
19.1,0.955955955955956,-19.64863154160639,-7.084069783419557,-13.361979684248489,-19.650652125557077,-19.65617235378475,5.502077736328651,36.933019257833465,-0.7896691370591276,36.925497763267025,11.804160782885967,-25.925881357199085,24.456781534762854,5.523283866889829,-25.938480654211446,-0.789972488008631,-19.6516569370503,-0.7830759565269011,-0.7886536319629589,-7.06501196993333,5.531506657921994,-0.7803506776137292,36.95383710676145
19.12,0.9569569569569569,-19.64863185989394,-7.084018949435821,-13.361961275961393,-19.650628355025763,-19.65612977007732,5.502135978285019,36.93309290862591,-0.789610980053236,36.92551716310054,11.804119236847672,-25.925828107601067,24.456425438143082,5.523222389316234,-25.938379872874236,-0.7899679112501812,-19.651602266794395,-0.7830568019735684,-0.7886281138245362,-7.065025695380407,5.531396973448103,-0.7803405027055484,36.95380678355431
19.14,0.9579579579579579,-19.64863195709602,-7.08396852767201,-13.361942828354936,-19.650604620784097,-19.656087382622122,5.502193453849341,36.93316535299853,-0.7895535022525135,36.925536281857646,11.804078038233863,-25.925775386532393,24.45607252972354,5.523161450726575,-25.938280169578615,-0.7899629072885836,-19.65154799983668,-0.7830378438754293,-0.7886026732828444,-7.065039230076774,5.531288326536692,-0.7803304764432811,36.95377648023956
19.16,0.958958958958959,-19.648631836023878,-7.083918513738745,-13.361924343431209,-19.650580923192496,-19.656045190312064,5.502250172431155,36.93323660666173,-0.7894966953271246,36.925555122393064,11.804037183099322,-25.925723188081523,24.455722778342235,5.523101045569025,-25.93818153117857,-0.789957484956889,-19.651494132708795,-0.7830190802648933,-0.7885773112215394,-7.06505257614638,5.531180706623703,-0.7803205967757566,36.953746196709076
19.18,0.95995995995996,-19.648631499456467,-7.083868903290288,-13.361905823151124,-19.65055726259762,-19.65600319203761,5.502306143327967,36.9333066851373,-0.7894405510449267,36.92557368753889,11.803996667547384,-25.925671506399862,24.455376153100048,5.523041168349333,-25.938083944683,-0.7899516529660028,-19.65144066196315,-0.7830005091884734,-0.788552028498142,-7.065065735688918,5.531074103243992,-0.7803108616761938,36.9537159328663
19.2,0.960960960960961,-19.648630950140838,-7.083819692024194,-13.361887269435112,-19.65053363933269,-19.65596138668704,5.5023613757266405,36.93337560376048,-0.7893850612703713,36.92559198010475,11.803956487729302,-25.925620335701172,24.45503262335927,5.52298181363021,-25.937987397254002,-0.7899454199058922,-19.651387584173005,-0.7829821287067985,-0.788526825944434,-7.065078710780142,5.530968506030533,-0.780301269141973,36.95368568862593
19.22,0.9619619619619619,-19.648630190792517,-7.083770875680959,-13.361868684163824,-19.6505100537178,-19.655919773146735,5.502415878704749,36.933443377682,-0.7893302179634188,36.925610002877846,11.80391663984361,-25.925569670260995,24.454692158742162,5.522922976030721,-25.937891876205178,-0.7899387942467869,-19.65133489593254,-0.7829639368946225,-0.7885017043668502,-7.065091503472175,5.530863904713626,-0.7802918171944094,36.95365546391354
19.240000000000002,0.9629629629629629,-19.648629224095888,-7.0837224500436795,-13.361850069178821,-19.650486506060236,-19.65587835030143,5.502469661231923,36.933510021870156,-0.7892760131784649,36.925627758623136,11.80387712013552,-25.925519504416048,24.45435472912951,5.5228646502256815,-25.937797368999977,-0.7899317843403738,-19.651282593856916,-0.7829459318408318,-0.7884766645468657,-7.065104115793814,5.5307602891201215,-0.7802825038785279,36.95362525866528
19.26,0.963963963963964,-19.648628052704563,-7.083674410937701,-13.361831426283246,-19.650462996654767,-19.655837117034473,5.50252273217117,36.93357555111275,-0.7892224390632785,36.92564525008339,11.8038379248963,-25.925469832563675,24.45402030465916,5.522806830945065,-25.937703863250036,-0.7899243984209856,-19.651230674582347,-0.7829281116484486,-0.7884517072413793,-7.065116549750835,5.530657649172639,-0.7802733272628374,36.95359507282753
19.28,0.964964964964965,-19.64862667924175,-7.083626754230282,-13.36181275724249,-19.650439525783945,-19.655796072228082,5.50257510028018,36.93363998001916,-0.7891694878579537,36.92566247997932,11.803799050462679,-25.925420649161243,24.453688855724568,5.522749512973417,-25.93761134671353,-0.7899166446067833,-19.651179134766146,-0.7829104744346321,-0.7884268331830918,-7.065128807326282,5.530555974888793,-0.7802642854391082,36.95356490635664
19.3,0.965965965965966,-19.64862510630062,-7.083579475830249,-13.361794063784847,-19.6504160937184,-19.655755214763584,5.5026267742126125,36.93370332302224,-0.7891171518938711,36.92567945100968,11.803760493216252,-25.925371948725594,24.453360352973323,5.522692691149273,-25.937519807293576,-0.7899085309009327,-19.65112797108678,-0.7828930183306774,-0.7884020430808814,-7.065140890480764,5.530455256380429,-0.7802553765221493,36.95353475921855
19.32,0.9669669669669669,-19.648623336444665,-7.083532571687657,-13.36177534760216,-19.650392700717116,-19.655714543521654,5.502677762519364,36.93376559438035,-0.7890654235926723,36.925696165851356,11.803722249582895,-25.925323725832467,24.45303476730569,5.522636360364587,-25.937429233036603,-0.7899000651927738,-19.651077180243917,-0.7828757414820104,-0.7883773376201739,-7.065152801152743,5.530355483852851,-0.7802465986495873,36.95350463138854
19.34,0.9679679679679679,-19.648621372208048,-7.0834860377934525,-13.361756610350453,-19.650369347027734,-19.655674057382544,5.502728073649819,36.93382680817922,-0.7890142954652458,36.92571262715952,11.803684316032188,-25.925275975115937,24.452712069873137,5.522580515564167,-25.93733961213078,-0.7898912552589848,-19.65102675895847,-0.7828586420481828,-0.7883527174633095,-7.06516454125881,5.530256647604076,-0.7802379499816463,36.95347452285091
19.36,0.968968968968969,-19.64861921609596,-7.083439870179138,-13.361737853650554,-19.650346032886794,-19.655633755226322,5.502777715953081,36.93388697833391,-0.7889637601107237,36.9257288375677,11.80364668907685,-25.92522869126786,24.45239223207685,5.522525151745111,-25.937250932904444,-0.7898821087647396,-19.650976703972635,-0.782841718202861,-0.7883281832499044,-7.065176112693975,5.530158738024068,-0.7802294287009289,36.953444433598705
19.38,0.96996996996997,-19.648616870584956,-7.083394064916435,-13.361719079088719,-19.650322758520037,-19.65559363593307,5.5028266976791915,36.933946118590704,-0.7889138102154899,36.9257447996879,11.803609365272173,-25.92518186903732,24.452075225566272,5.522470263956259,-25.937163183824527,-0.7898726332648582,-19.65092701204992,-0.7828249681338164,-0.7883037355972095,-7.065187517331932,5.530061745593995,-0.7802210330121988,36.95341436363342
19.400000000000002,0.970970970970971,-19.648614338123306,-7.083348618116954,-13.361700288217222,-19.650299524142643,-19.655553698383123,5.502875026980329,36.934004242528985,-0.7888644385521999,36.9257605161107,11.803572341215473,-25.925135503230067,24.451761022237616,5.522415847297644,-25.93707635349504,-0.7898628362049512,-19.65087767997517,-0.7828083900429104,-0.7882793751004644,-7.0651987570253345,5.529965660885486,-0.7802127611421636,36.953384312964744
19.42,0.9719719719719719,-19.648611621131323,-7.0833035259318615,-13.361681482554962,-19.650276329959507,-19.65551394145726,5.50292271191199,36.93406136356309,-0.7888156379788108,36.92577598940538,11.803535613545543,-25.92508958870798,24.45144959423238,5.522361896919955,-25.93699043065553,-0.7898527249225575,-19.650828704554613,-0.7827919821460785,-0.7882551023332479,-7.065209833606062,5.529870474559885,-0.7802046113392606,36.95335428161026
19.44,0.9729729729729729,-19.648608722001704,-7.083258784551552,-13.361662663588046,-19.650253176165485,-19.65547436403692,5.5029697604341585,36.934117494944154,-0.7887674014376227,36.925791222120026,11.803499178942118,-25.925044120388527,24.451140913935866,5.522308408024,-25.93690540417958,-0.7898423066482757,-19.65078008261585,-0.7827757426733117,-0.7882309178478235,-7.065220748885481,5.529776177367522,-0.7801965818734413,36.9533242695952
19.46,0.973973973973974,-19.64860564309984,-7.083214390205318,-13.361643832770364,-19.650230062945653,-19.655434965004385,5.503016180412455,36.93417264976196,-0.7887197219543304,36.92580621678163,11.80346303412534,-25.924999093244224,24.4508349539757,5.522255375860182,-25.936821263073316,-0.7898315885068884,-19.650731811007898,-0.7827596698686367,-0.7882068221754821,-7.0652315046547045,5.529682760146979,-0.7801886710359599,36.95329427695218
19.48,0.974974974974975,-19.648602386764168,-7.0831703391610255,-13.361624991524154,-19.650206990475535,-19.65539574324299,5.5030619796192735,36.93422684094672,-0.788672592637086,36.9258209758962,11.803427175855237,-25.924954502302093,24.45053168722033,5.522202795727975,-25.936737996473923,-0.7898205775184804,-19.650683886601186,-0.7827437619900921,-0.7881828158268804,-7.065242102684849,5.52959021382437,-0.7801808771391607,36.95326430372094
19.5,0.975975975975976,-19.648598955306458,-7.08312662772479,-13.361606141240568,-19.65018395892136,-19.655356697637302,5.503107165734897,36.93428008127088,-0.7886260066755721,36.925835501948875,11.80339160093121,-25.92491034264314,24.45023108677755,5.522150662975413,-25.936655593648187,-0.7898092805995499,-19.650636306287574,-0.7827280173097046,-0.7881588992923751,-7.065252544727282,5.529498529412612,-0.7801731985162684,36.953234349948126
19.52,0.9769769769769769,-19.648595351012155,-7.083083252240654,-13.361587283280212,-19.650160968440286,-19.655317827073297,5.503151746348606,36.93433238335087,-0.7885799573400849,36.925849797404034,11.803356306191523,-25.92486660940183,24.449933125993,5.522098972998578,-25.936574043991044,-0.7897977045641126,-19.650589066980352,-0.7827124341134615,-0.7881350730423538,-7.0652628325138735,5.529407698010712,-0.7801656335211785,36.953204415687
19.54,0.9779779779779779,-19.648591576140678,-7.083040209090265,-13.361568418973693,-19.650138019180634,-19.655279130438547,5.503195728959769,36.9343837596489,-0.7885344379806273,36.925863864705406,11.8033212885128,-25.92482329776555,24.449637778448686,5.5220477212410986,-25.936493337024153,-0.7897858561247996,-19.650542165614244,-0.7826970107012824,-0.7881113375275614,-7.065272967757236,5.529317710803059,-0.78015818052825,36.95317450099723
19.56,0.978978978978979,-19.648587632925725,-7.082997494692553,-13.361549549622152,-19.650115111282112,-19.65524060662239,5.503239120978913,36.934434222474664,-0.7884894420260128,36.925877706276175,11.80328654480953,-25.92478040297411,24.44934501796148,5.521996903193651,-25.936413462394473,-0.7897737418939484,-19.650495599145405,-0.7826817453869882,-0.7880876931794236,-7.0652829521509695,5.529228559058711,-0.7801508379320984,36.95314460594466
19.580000000000002,0.97997997997998,-19.648583523575585,-7.082955105503423,-13.361530676497784,-19.65009224487604,-19.655202254516084,5.503281929728788,36.93448378398707,-0.7884449629829793,36.9258913245191,11.803252072033583,-25.92473792031922,24.449054818581633,5.521946514393471,-25.936334409872856,-0.7897613683846868,-19.650449364551413,-0.7826666364982696,-0.788064140410366,-7.065292787369892,5.529140234130696,-0.7801436041473907,36.95311473060107
19.6,0.980980980980981,-19.64857925027343,-7.082913038015427,-13.361511800844353,-19.650069420085558,-19.655164073012998,5.50332416244541,36.93453245619594,-0.788400994435312,36.925904721816615,11.803217867173725,-25.92469584514397,24.448767154591273,5.521896550423865,-25.93625616935266,-0.7897487420120098,-19.650403458831267,-0.7826516823766515,-0.7880406796141294,-7.06530247507028,5.529052727455313,-0.7801364776086414,36.95308487504397
19.62,0.9819819819819819,-19.648574815177607,-7.082871288757458,-13.3614929238777,-19.650046637025852,-19.65512606100874,5.503365826279099,36.93458025096371,-0.7883575300429764,36.92591790053093,11.803183927255146,-25.924654172842338,24.448482000502917,5.52184700691373,-25.936178730848383,-0.7897358690938503,-19.65035787900537,-0.7826368813774579,-0.7880173111660818,-7.065312016890093,5.528966030551438,-0.7801294567700098,36.953055039356364
19.64,0.9829829829829829,-19.64857022042195,-7.082829854294436,-13.361474046786242,-19.650023895804352,-19.655088217401328,5.503406928295489,36.93462718000709,-0.7883145635412612,36.92593086300418,11.80315024933899,-25.92461289885868,24.44819933105799,5.521797879537084,-25.936102084494287,-0.7897227558521417,-19.65031262211551,-0.7826222318697742,-0.7879940354235271,-7.065321414449203,5.528880135019837,-0.7801225401050988,36.953025223626554
19.66,0.983983983983984,-19.64856546811604,-7.082788731226996,-13.361455170731464,-19.650001196520936,-19.65505054109133,5.503447475476543,36.934673254898705,-0.7882720887399304,36.925943611558495,11.803116830521898,-25.924572018687233,24.447919121225308,5.521749164012591,-25.936026220543067,-0.7897094084138747,-19.65026768522485,-0.7826077322364071,-0.7879708527260092,-7.065330669349615,5.528795032542479,-0.7801157261067551,36.95299542794792
19.68,0.984984984984985,-19.648560560345516,-7.08274791619118,-13.3614362968484,-19.649978539268133,-19.65501303098202,5.5034874747215365,36.93471848706876,-0.788230099522385,36.92595614849611,11.803083667935546,-25.924531527871615,24.44764134619961,5.521700856103098,-25.9359511293645,-0.7896958328121466,-19.650223065417897,-0.7825933808738444,-0.7879477633956131,-7.06533978317569,5.528710714881855,-0.7801090132868699,36.95296565241872
19.7,0.985985985985986,-19.64855549917233,-7.082707405858129,-13.361417426246106,-19.649955924131316,-19.6549756859795,5.5035269328480405,36.934762887806635,-0.7881885898448332,36.92596847609951,11.8030507587462,-25.92449142200434,24.447365981400054,5.521652951615179,-25.935876801444145,-0.7896820349872034,-19.650178759800486,-0.7825791761922125,-0.7879247677372626,-7.065348757494362,5.528627173880309,-0.7801024001761819,36.952935897141906
19.72,0.986986986986987,-19.648550286635043,-7.082667196933781,-13.361398560008135,-19.6499333511889,-19.65493850499286,5.5035658565928856,36.934806468262494,-0.7881475537354711,36.92598059663152,11.80301810015428,-25.924451696726337,24.44709300246873,5.521605446398682,-25.935803227382028,-0.789668020787475,-19.65013476549974,-0.782565116615232,-0.787901866039014,-7.065357593855346,5.528544401459359,-0.7800958853240818,36.95290616222492
19.740000000000002,0.9879879879879879,-19.648544924749096,-7.082627286158561,-13.36137969919299,-19.649910820512524,-19.65490148693428,5.503604252613117,36.93484923944888,-0.7881069852936711,36.925992512335405,11.802985689393907,-25.924412347726445,24.44682238526917,5.521558336346278,-25.935730397891348,-0.7896537959706037,-19.65009107966405,-0.7825512005801721,-0.787879058572347,-7.065366293791357,5.528462389619035,-0.7800894672984168,36.952876447779495
19.76,0.988988988988989,-19.648539415507074,-7.082587670307086,-13.361360844834572,-19.649888332167233,-19.65486463071918,5.503642127486935,36.934891212242285,-0.7880668786891801,36.92600422543501,11.802953523732489,-25.924373370740962,24.446554105884854,5.521511617393019,-25.935658303797204,-0.7896393662044652,-19.65004769946304,-0.7825374265378043,-0.787856345592451,-7.06537485881831,5.528381130437216,-0.7800831446852976,36.952846753921484
19.78,0.98998998998999,-19.64853376087897,-7.082548346187859,-13.36134199794264,-19.64986588621166,-19.654827935266344,5.503679487714622,36.93493239738469,-0.7880272281613264,36.926015738134836,11.802921600470286,-25.924334761553144,24.44628814061774,5.5214652855159025,-25.93558693603533,-0.7896247370681823,-19.65000462208753,-0.782523792952354,-0.787833727338509,-7.0653832904355305,5.528300616068972,-0.7800769160889068,36.95281708077067
19.8,0.990990990990991,-19.64852796281246,-7.082509310642975,-13.361323159503236,-19.649843482698213,-19.65479139949802,5.503716339719458,36.934972805485124,-0.7879880280182348,36.92602705262018,11.802889916939998,-25.924296515992754,24.446024465986756,5.521419336733435,-25.935516285650845,-0.7896099140531323,-19.649961844749487,-0.7825102983014505,-0.7878112040339779,-7.065391590125952,5.528220838745908,-0.7800707801313077,36.95278742845061
19.82,0.991991991991992,-19.64852202323315,-7.082470560547823,-13.361304330479118,-19.649821121673224,-19.65475502234005,5.503752689848629,36.93501244702117,-0.7879492726360509,36.92603817105723,11.802858470506346,-25.92425862993558,24.44576305872634,5.521373767105205,-25.935446343797,-0.7895949025639466,-19.649919364682003,-0.7824969410760764,-0.7877887758868651,-7.065399759356315,5.528141790775522,-0.7800647354522554,36.95275779708844
19.84,0.992992992992993,-19.648515944044846,-7.082432092810788,-13.36128551181019,-19.64979880317714,-19.654718802721987,5.503788544374118,36.9350513323405,-0.7879109564581739,36.92604909559318,11.802827258565666,-25.924221099302976,24.445503895784938,5.52132857273146,-25.93537710173397,-0.7895797079195033,-19.649877179139228,-0.7824837197805156,-0.7877664430900022,-7.065407799577366,5.528063464540551,-0.7800587807090088,36.9527281868147
19.86,0.993993993993994,-19.64850972712979,-7.082393904372964,-13.361266704413909,-19.649776527244683,-19.654682739577186,5.503823909493584,36.93508947166233,-0.7878730739944975,36.926059828356344,11.802796278545511,-25.924183920061406,24.44524695432354,5.521283749752688,-25.935308550827635,-0.7895643353539128,-19.64983528539635,-0.7824706329322996,-0.7877442058213147,-7.065415712224046,5.527985852498338,-0.7800529145761442,36.952698597763224
19.88,0.994994994994995,-19.648503374348934,-7.082355992207856,-13.361247909185705,-19.649754293905,-19.654646831842925,5.503858791331235,36.935126875078936,-0.7878356198206593,36.92607037145626,11.80276552790425,-25.924147088221986,24.444992211714194,5.521239294349202,-25.93524068254838,-0.7895487900174962,-19.649793680749518,-0.782457679062153,-0.787722064244089,-7.065423498715685,5.527908947180192,-0.78004713574537,36.95266903007091
19.900000000000002,0.995995995995996,-19.64849688754216,-7.082318353321095,-13.361229126999376,-19.649732103181844,-19.654611078460494,5.503893195938687,36.93516355255707,-0.7877985885772986,36.92608072698382,11.802735004130678,-25.924110599840024,24.44473964553853,5.521195202740734,-25.935173488469896,-0.7895330769777565,-19.649752362515812,-0.7824448567139387,-0.787700018507236,-7.065431160456186,5.527832741190758,-0.7800414429253429,36.9526394838776
19.92,0.996996996996997,-19.648490268528537,-7.082280984750148,-13.36121035870749,-19.6497099550937,-19.654575478375303,5.503927129295809,36.935199513939466,-0.7877619749693218,36.92609089701135,11.802704704743633,-25.924074451014583,24.444489233586296,5.521151471186026,-25.935106960268026,-0.7895172012203424,-19.649711328033177,-0.7824321644446,-0.7876780687455516,-7.065438698834214,5.527757227207388,-0.7800358348414859,36.95260995932593
19.94,0.997997997997998,-19.648483519106566,-7.082243883564033,-13.361191605141773,-19.64968784965397,-19.654540030536968,5.503960597311562,36.935234768946216,-0.7877257737651766,36.926100883592746,11.802674627291612,-25.924038637888028,24.44424095385388,5.521108095982431,-25.935041089719586,-0.7895011676500054,-19.64967057466038,-0.7824196008241032,-0.7876562150799736,-7.065446115223372,5.52768239797952,-0.7800303102358062,36.95258045656119
19.96,0.998998998998999,-19.648476641054412,-7.082207046863033,-13.361172867113494,-19.649665786871086,-19.6545047338994,5.503993605824827,36.935269327176215,-0.7876899797961335,36.92611068876358,11.802644769352396,-25.924003156645586,24.44399478454285,5.521065073465519,-25.93497586870122,-0.7894849810915493,-19.64963009977693,-0.7824071644353795,-0.7876344576178358,-7.0654534109823866,5.527608246328056,-0.7800248678667165,36.95255097573114
19.98,1.0,-19.648469636130134,-7.082170471778414,-13.361154145413842,-19.64964376674869,-19.654469587420902,5.504026160605219,36.93530319810856,-0.7876545879555757,36.9261203145412,11.802615128532684,-25.923968003514915,24.44375070405848,5.521022400008685,-25.934911289188257,-0.7894686462907727,-19.64958990078305,-0.7823948538742642,-0.7876127964531189,-7.065460587455282,5.527534765144748,-0.7800195065088565,36.952521516985904
